SURFGEN.GLOBAL Hd COEFFICIENTS FILE V:2.8.8
high order tester                                                                                                                                                                                                                                              
ORDER
    4
COEFFICIENTS
ORDER     0 BLOCK     1
  1.1957970930905877E+00
ORDER     0 BLOCK     3
 -2.7138556378142181E-01
ORDER     1 BLOCK     1
  4.3898528301526885E-01  2.7015809124713965E+00 -2.1517869296584363E-01 -8.4412167859302567E-01  6.7419553081335681E-01 -2.6926758809746105E+00
 -1.4604553586044773E+00
ORDER     1 BLOCK     2
  7.8598735512737572E-01
ORDER     1 BLOCK     3
 -2.7399129132953135E+00  1.3199319637065787E+00  7.5272286910802222E-01  9.1821980611272025E-01  1.6665150247733296E-01 -6.3749737566642273E-01
  1.0085437409036975E+00
ORDER     2 BLOCK     1
 -3.4857600279186620E+00 -3.6659724282117001E-01 -3.2184056063200068E+00 -6.3588537247723398E-02  8.1313576098670726E-01 -1.9763471269901575E-01
  3.6141641301949590E-01  8.5269727013094865E-01  2.2667334080788337E+00 -2.9099743867900005E+00  7.8783141777527832E-01  5.6978463862418539E-03
 -8.1892497810030573E-01  5.2184871296622015E-01 -6.5412050445867606E-02  6.4431602447674610E-02 -1.2497400933273542E-01  6.9104898595633524E-01
 -4.0232908388506028E-01 -2.0221296087488119E+00  1.8358283664344360E-01  3.7205441064540679E-01 -1.6959832254150048E-01  3.0288054790056973E-01
  5.4066430908756247E-01 -7.2802760641353104E-02 -2.7356330365810431E+00  4.2290186823588165E+00  2.7332331066679710E-01 -2.3737114446220078E+00
  8.1524655573307159E-01  6.6337648295834561E-01  6.9237606305557375E-01 -7.9881444091009801E-01 -6.5839388484952832E-01  6.8210155244604502E+00
  3.8924562999398526E-01 -1.5753224736727844E+00  2.8180817765736499E-01 -1.1130734030997363E-01 -3.1579812381110889E-01 -2.0426697072795050E-01
  1.4409727560651515E+00 -2.1517204148689064E+00 -5.0259346575775581E+00 -1.7678311389131651E+00  4.9998790431698703E+00 -1.3663231809214402E+00
 -1.4540370409155873E-01  2.7113567870350919E-01  3.2369246408958280E-01  2.4130567817473798E+00  3.8860587650725981E-01 -9.9703908236845773E-01
 -9.5547816770179789E-02  2.3397834822551475E+00 -2.8869033809332478E-01 -1.5247894613714519E+00 -1.0759819635817630E-01  4.2770631058030517E+00
 -2.2287386654137826E+00  7.0054085821122891E-01  5.5511918135961458E-01  5.1240788490387734E-01
ORDER     2 BLOCK     2
  2.8520973520459664E-01 -5.9205235575149573E-01  3.6198587675847008E-02 -1.3502794388491604E+00  1.0274683116995709E+00 -7.2905612375600748E-01
 -7.7594131261394583E-01
ORDER     2 BLOCK     3
  1.0971695883604846E+00  5.0743498919581098E-01  2.2764008890618261E+00  9.5748613912107949E-01 -4.2213776841427797E-01 -1.9366578334771174E+00
  7.1864040590881606E-01 -1.7757915468810970E+00 -2.0258789226761635E+00  2.5977577529076514E+00 -5.7635431978051245E-02  3.1801229277991916E-01
 -5.0603775583883445E-02 -3.1904670948525465E-01  6.6767922344942388E-02 -3.1742838332725447E-02  2.3195825010699622E-02 -1.6770040409329598E-02
  3.2045624267710054E-01  1.3100225001824299E+00 -1.8048231364215683E+00 -3.7271087806288916E-01 -7.9261527728928460E-01  1.0740980045851482E-01
 -7.8127607941729060E-01  6.2385303249767932E-01 -8.8962516210558762E-01  1.9421065190249616E+00 -9.3335186901442257E-01 -5.2700082473215009E+00
 -7.3507543287232635E-01 -5.3643213576487780E-01 -9.2962294847364324E-01 -3.3766995347217155E-01  1.0046896340393088E+00  5.0888284248665014E+00
 -5.4526102138418633E+00  2.8617321544531324E+00  1.6840905386296319E+00 -4.1403315242221309E-02  2.1673295742927756E+00 -3.9300511583482972E-01
 -4.9851389554794495E-01  2.2600555453524014E+00  4.7580558235015351E+00  1.5381379126785260E+00  9.3727670139187289E+00 -8.9577688078934758E-01
 -8.6400212674047894E-01  2.2815301760814979E+00  1.7510757872291116E+00 -7.7350356242373550E+00 -1.2309592121287698E+00 -2.7300544280856492E-01
 -1.5902855959352494E-01 -2.5399089245767379E+00 -7.6153873942615150E-02  1.1879256878885248E-01  8.6830799971698447E-01 -1.4192862146313596E+00
  1.2192048673862923E+00 -4.2512192974928996E-02  1.3959085193485288E-01 -1.0707108154555289E+00
ORDER     3 BLOCK     1
  8.8988239858955442E-01  7.0968163580668255E+00 -9.0306103573224501E+00 -3.2317511278629190E+00  9.4861975639317608E-01 -1.7981539712768497E+00
 -7.6853474867272964E-01 -1.1734881917670033E+00  2.1033760972571958E-01  7.4381243744766330E+00 -4.5800208840885182E+00  1.5333655956094308E-01
  1.1272399705550045E+00  1.6087521711158663E+00  1.0956979796231376E+00 -6.2711636366347301E-01 -6.2324598928540165E-01 -8.0229898102177932E-01
  1.5575662769504606E+00 -4.3380258046305471E+00  2.3354430246148756E+00 -3.1507144200534323E+00  5.4967853981531265E+00 -2.2188101728208922E+00
 -2.2162900011738265E-01  9.2161740065065612E-02 -1.6103957692267010E-01 -1.6250037680297682E+00  8.5157802573004718E-02  2.9403078149613622E+00
  2.4123634180884523E+00  8.1520126560576989E-01 -5.4168163294540053E+00  1.6156922046290068E-01 -2.5855863831182468E-01  4.4176299329196984E-02
 -1.4697739829763629E-01 -6.6636272618460154E-02  3.3645321051819485E-02  1.1897060669096121E-01 -1.8763004347351336E-01 -1.3667935528111874E-01
 -5.1840359688959177E-02  1.2369534118091887E+00 -1.2303028712486324E+00  2.0749811509708378E+00 -3.0724649588774957E+00  7.2517247512557392E-02
  7.4358816202338884E-01 -4.2962600650184463E-01 -4.9699720643576878E-01  4.1000427319920191E-01  3.8776101002125118E-01 -2.2919063371054177E-01
 -2.7960163760446927E-02  1.0329552212601751E+00  1.1563505449400322E-02  3.1221861159146540E+00  2.2818494500757566E-01 -5.6907677093906350E-01
  1.0621138410628010E+00 -5.7584200484552872E-01 -3.6603777710150703E-01 -1.0067612598329350E+00 -4.0291911035545025E-01 -9.4088095059849741E-01
 -1.5224075087193452E+00  3.4393921371201319E-01  5.4922702770132825E-01 -1.6543305858216244E+00 -2.7124622550957760E+00 -4.5836987371982154E+00
  5.2193881347269189E-01  1.4560360210429024E-01  2.3078276438559611E+00 -1.0223966932553956E+00  1.1372621346363179E+00 -9.8197567673425412E-01
 -3.7373175206328002E-01 -3.5702619521340839E-01 -7.7561287397476719E-01 -1.9576455259293919E+00  6.0743000942820142E+00 -1.1014941511076290E+00
  3.9040229665588744E-01  1.4150405434354509E+00 -2.1173940409699803E+00 -3.0587856566343521E+00  4.9028172822088635E-02 -3.8551265627143683E+00
  1.0528870002356812E+00  9.5480095488544151E-02 -1.8870324627794737E+00 -5.2001916883630517E-01  3.1387346588867732E-01 -2.4579907267758889E+00
 -1.6753048103162238E+00  1.0024199709301207E+00  5.3984044260869375E+00  2.8229285724419600E-01  1.5466064756534379E+00 -4.7903246729700349E-01
  1.1584404235295452E-01 -2.9629435533747406E-01 -1.5732073627353933E+00 -7.6468174311823553E-02  7.0273243471052871E-01  1.9506526718454573E-01
 -3.4859140660701593E-01  7.3126153209834754E+00  6.0833416525266248E-01  6.3409451968908148E-01 -4.2936337204138928E+00 -4.9486301420838013E+00
 -1.1559172127246609E+00 -1.5160026970219544E+00 -2.8893595306192998E-01 -5.2909845214126494E-01  1.9621500482352633E-01 -4.7212157374752033E-02
  1.1562605659501107E-01 -3.0078250727983527E+00  5.1283719446869835E-01 -1.4666897434793462E+00 -9.9545979763034406E-02  3.4088834634770100E+00
  4.9808647265176142E-01  8.7134777932802776E-02  1.8017363994455251E+00 -2.3632546756783232E-01  2.1319114584323381E-02  6.2867571701989966E-01
  7.7905298883074936E+00 -6.3622829797066931E+00  1.6038943540103072E+00  8.8691033401713568E+00 -2.9091001797970835E+00  1.0116961913581382E+00
 -9.3990705646538864E-01  1.4371533695775696E+00  1.4082935059247625E+00  5.7680675363653080E+00  6.1901370334608776E+00 -7.4578007308501304E-01
  4.0734654000202902E-02  1.8129823171376771E+00 -3.7829347833533922E-02 -8.2248180243621416E-01  8.0847221477414832E-01 -1.5887480058756744E+00
 -7.2156240418461914E-01  1.1694777289092986E+00  3.2910202104560510E-01 -3.0272682221867284E+00 -1.5958247931067873E-01 -1.0863048075848379E-01
 -3.6426782991710409E+00 -7.7380410667887469E+00 -4.5716664937137791E-01  3.7486609343243509E+00 -8.5651849414257235E+00 -7.5925712674432937E+00
  1.5256306076833290E-01 -1.6049859741322214E+00  1.9588091750507588E+00 -3.9867866663531730E+00  2.9069412919644755E+00  4.0402035613694611E+00
  1.8742146130260791E+00 -1.0279798003008196E+00  1.7752157592421755E-02 -1.1012976539722767E+00 -8.7181383141122193E-01  2.6633456470589105E+00
 -6.7814794735886164E-01  2.2731393607442931E+00  2.2066952173287002E+00 -2.4616301634573984E-02  8.5624656993303883E-01  1.8454530268304048E+00
 -2.5534359249973240E+00 -2.6829540604989401E+00 -1.3836132531591285E+00 -3.7972160707102032E-01 -9.6590309340670322E-01 -3.0164587981992943E+00
 -2.3191545003393474E+00 -1.4162605453620305E+00  4.1706841267794408E+00 -1.0696890274767605E+00 -3.5163931262355796E-01 -9.0481043143216111E-01
  9.0508765102259225E-01 -3.7428791321773847E-01 -1.1367475170412111E+00  2.7182586623306091E+00 -6.7279881376313844E-01  1.7732642196883941E+00
 -7.9770621293530377E+00  3.4832849054229404E+00  2.8431136887952374E-01  8.7914370003784037E-01 -1.8011708975832961E+00  5.1914965602324763E+00
 -2.0734667644622555E+00 -4.9121632127135175E+00 -7.0787544299659377E-01 -3.0631680590804655E-01 -6.7092774007977793E-02 -8.9019365986958676E-01
 -2.1268578057071869E-01  2.0005960618723315E-02 -2.8252541595391850E-01 -9.5367590412479442E-01  7.8082666802942524E-01  9.0111919802472984E-01
  2.5826801391881848E+00 -1.8072148748197721E+00  7.9551416498136171E-02  1.1084522510545212E-01  1.8811210607474146E-02 -8.6580825914964979E-02
  4.0806276629423890E-02 -5.4421690760791522E-02 -1.6272425498451066E+00  7.1173125923701219E-01 -2.2229830591563710E-01 -1.7919760067344210E+00
 -4.9785057298355950E-01  2.0994809337806544E+00 -9.2108006263756717E-02  4.2590935613264874E-01  8.4721078271928596E-01  9.5952812867959625E-01
  6.5809760706391807E-01 -1.2693082034969112E+00 -8.3435555141998619E-01 -8.8104219343836254E-01 -1.6839518797228503E-01 -2.2873419508994025E-01
 -4.4360519673518634E-01  3.2158084297972178E-01 -3.9263763684836347E-02 -7.9691312529698452E-02 -4.2239352444605305E-02 -1.3176760329791631E-01
  1.4826481805966541E-02 -8.7740396886815841E-01  1.3607722644106086E+00  4.9287097416586789E+00 -6.1396898802003830E-01  1.0778926170080507E+00
 -6.5301843209641248E+00 -1.3338768332414372E-01 -1.1142205215725072E+00  7.5963886978505990E-01  9.3241318354169889E-01  7.0231261258490815E-02
 -3.7777830254712687E-02  2.5348353124981466E+00 -1.8890001084437261E-01 -2.4419193812183690E-01 -1.9849006383012540E+00  1.6996550794471896E+00
 -4.6860125251700699E+00  1.3601118588244347E+00 -1.6206895691845577E-01  1.9933408753231208E-01  1.9841000456891362E+00  2.1128677492638212E-01
  6.3472683337165964E-02  1.9890310772489941E+00 -3.1656781275554413E-01  2.1065312214722227E+00 -3.4613483040932600E+00 -1.3540659077198047E-01
 -1.2404182622383182E+00  4.1974648380473778E-01 -1.6184903744596748E+00  1.4234144115034841E+00 -1.2917233586386351E-01 -6.5251422827488720E-02
  3.5347621695443071E-01 -6.7387846776448823E+00 -3.7041546314786106E-01 -1.3073990750474944E+00  9.7698619054791569E-01 -6.3170626914455874E-01
  4.0130229802454404E-01  7.9887971643220548E-02  7.4857640212640819E-01  2.3362212667770281E+00 -5.3913349028265301E-01  1.4316483482720668E+00
 -4.1821611517771384E-01  6.2955388978739923E-01 -8.9056934723419212E-01 -6.8627321218448833E-01  9.7297027143051473E-01  5.7281215734815472E-01
  3.2546329776398580E-01 -9.0097388313626570E-01  2.9645237269606822E-01  2.6478855869494096E+00 -9.1554484688583537E-01 -1.2031666643597037E+00
 -6.5502240999496797E-01 -2.6333820963111831E+00 -1.0794373427894781E+00  4.8540720664298764E-01  3.1892319825015064E-01 -5.8828142174124332E-01
  5.9782075347884034E-01  4.2866761082896565E-01  7.9340331518420526E-01  3.1123341862699536E-02 -6.1017475180685543E-01  1.1544166187947374E-01
 -1.5440276961771005E+00  1.3452750422696205E+00  2.0660911407886449E+00 -5.8424199998440129E-01  5.4457817482451942E-01  4.7939693696209079E-01
 -1.1815903869512216E+00  1.4124151557839537E-01  3.8504633918004694E-01 -5.7987076564449236E-01  7.2653322738296194E-02 -7.4519243673534075E-01
 -1.9643149410777769E+00 -1.9231880185504335E+00 -9.2928497772707388E+00 -4.1240870576541561E-01  5.1291201658443573E+00  1.1071382508834631E+00
  4.1432006712701058E-01
ORDER     3 BLOCK     2
  3.2620213422368177E-01 -7.1082234633384642E+00 -6.5737175939917158E-01  4.9841979008003872E+00  3.1212580930355621E-01 -1.6480859215253867E+00
  6.6353498564030469E+00  1.9459894808987810E+00 -5.9987576871315964E+00 -3.7459764766619967E+00 -1.7284243605803566E+00  2.0584987808928656E+00
  9.3521829827169856E-01 -1.7268960427071782E+00 -1.3358316213152049E-01 -1.3555323161384153E-01  3.2239397463266489E-01 -6.4824359659512454E-01
  9.1883240450385262E-01  1.4663185239486811E+00 -7.1152998434758849E-02 -1.7787691538852908E+00 -5.5067648627896504E-01 -7.8703991470786855E-02
  1.2830933730770635E+00  3.1708752558254633E-01  5.4924126903512749E-01 -2.1704148397394252E+00 -7.4455797884037689E-01 -6.2978085061125810E-01
 -1.0868270571662269E+00 -7.5763300232965392E-01 -2.4644235694839098E-01 -7.3552453045822797E-01  1.2497896436394963E-01 -7.4413221906602356E-01
  7.1109630201687679E-01  1.0741638888756833E+00  1.3342780047233496E+00 -2.3979629003543836E+00  1.7308488516371447E+00  2.2390096296523312E-01
  7.3294224794466359E-02  1.5101298151265807E-01  1.4315058815895179E+00 -4.3572102220685821E-01  1.8338678716049550E+00  7.2467815100992339E-01
 -8.2879877409522140E-01  7.8794116932747948E-01 -7.7645410852106878E-01 -2.4443762388454360E+00 -1.5616722311905526E-01 -1.2467006009926975E+00
 -2.3819775908561344E-01  2.1711191928739453E+00  1.1821446290237719E-01 -1.8493909071519174E-01  6.7467307410398847E-01  9.5464608201493739E-01
  2.4082900036198385E-01  3.8300337549094537E-01 -2.0476463571123532E-01  8.9354021111298430E+00
ORDER     3 BLOCK     3
  3.5955319536175340E-01  3.0867258473900945E+00  1.2280162157065737E+00  3.1577256146479522E+00  4.0035869098117391E+00  1.8577967022236010E+00
  2.4176290763815831E+00 -2.0072930468769590E+00 -3.0068866980311135E+00 -5.5270588401486371E+00  2.0859786635353541E+00  1.8495000839873901E+00
  6.2968957573171724E-01 -3.8405360012789216E+00 -2.1942185182500316E+00  1.1654699863237616E+00  3.5052767308237636E+00 -2.1695011586306776E-01
  3.5332652749902111E+00  7.1157942080103842E+00 -6.8787454996130979E+00 -3.7298853678788233E+00 -9.0532866748449781E+00  1.0169020789512409E+01
 -1.9616754359088169E-02 -5.8796913378423787E-01  8.8207564321589094E-01  1.5988500491612583E+00  4.3064199345327048E-01 -1.8881333141034327E+00
 -2.0300729698317190E+00 -2.5140746796106126E+00  4.1162899379984657E+00 -1.3964056883420828E-01  5.3955536451360719E-01 -1.0939638034312535E-01
  1.2593843297036406E-01  1.6291392297568968E-01  1.0679255667650907E+00 -5.2925406518529416E-01 -9.2288921981670421E-02  3.4011288285246779E-03
 -4.2103069031453992E-02 -1.4518257854380274E+00 -2.5592935861935491E+00 -6.0801583738156839E-01  3.9713987585138932E-01  4.6883218124365325E+00
  1.1947938849343742E+00  2.2422393074841290E-01  3.4120525255974615E-02 -5.2222981564970045E-02 -3.7650221461410693E-01  3.4387323109669266E-01
 -3.3212523192753202E-01  5.5208320789251664E-01  3.1215045841849637E-01  1.3630293849504760E+00  7.6748889560558609E-01 -4.3967676960618984E+00
  3.8591485774182754E-01  1.0030628651801206E+00 -7.2379021350998507E-01  1.5558455348153630E+00 -5.8177724839179457E-01  6.8724948851867096E-01
  1.5332027706209878E-01  4.7371723238666172E+00  2.8852497178053822E+00  6.1817947344186877E+00 -1.5307521307985250E+00 -9.6925886497401521E+00
 -9.4083768415104005E-02  2.5192959653650502E+00  9.1160323893110959E+00 -4.5824092768391669E+00  1.3981131001417841E+00  2.8886983320364843E+00
  4.8121037279352386E-01  4.9512675195912997E-01  7.5245416148210333E+00  2.8519128453585290E+00 -7.6583529186753712E+00  2.3149790351068797E+00
 -5.9372795448103259E+00 -4.0861734290825318E+00 -9.4981194652017535E+00  4.3831112064770981E+00 -3.0298851730696565E+00  1.1264065410676212E+01
  3.0815201778420970E-01  1.0391787859738868E+00  1.6248962238718019E+00  3.6643306107927520E+00  1.2962546747146813E+00  3.1427644955776266E+00
  3.0552395014719097E-01 -4.0392895500405430E+00 -3.2899917625027455E+00  5.2309026459894459E-01  7.7112338495648092E-01 -5.5562698399173471E-01
 -1.4315678182818947E-01 -1.2577805804330805E-01 -1.3412744058290980E+00  5.3140617569384707E+00  2.1938791826118539E-01  1.0161232436057090E-01
  2.0690725298676016E-01 -3.4344494959000262E+00 -5.8500808627493281E+00  5.0361531502388406E+00 -3.4475238223566723E-01 -1.7489800948614680E+00
 -1.5629843945991642E+00  1.1242586081434771E+00  1.7488010344509597E-01 -2.2700338531604749E+00 -7.8555663169040568E-01  2.4781870370066761E-01
  1.2801779655465781E-01  1.3863790444929702E+00  2.2562654070051154E+00 -1.0700867208696601E+00 -1.6182275982077694E+00  6.2600692183348183E-01
 -1.0934057361749361E+00  2.9996061954827251E+00  4.6045524369575846E-02 -1.8006336186802047E-01 -1.5107533663924053E+00  7.7539779178446927E-02
 -8.8595782819615732E+00 -5.2398603978068081E+00 -2.0992384523086001E+00 -3.8293269387038453E+00  5.7386616005249307E+00  4.0950312763070524E+00
  3.2578017630329609E-01 -1.4534663243809254E-01 -1.2115239356145164E+00 -3.6544914458064945E+00 -4.6028871073639559E+00  5.8116737575951405E-01
 -1.2176156664840855E-01 -1.2816982185919505E+00  2.5863831636433519E+00  3.2255040067410974E+00 -1.7482578587883801E+00 -2.0996839922486532E+00
 -1.3339177625911152E+00  1.1104348306940988E+00 -5.0814648391466799E-01 -3.2454949247206849E-02  1.8406113032807143E+00 -7.6577490572425644E-01
  4.0052679842135781E+00 -4.5873091609156746E-01 -1.0455450641181907E+00  8.9529287332191021E-01  6.5542806838831433E+00 -6.1027915893558609E+00
  1.5400148624875640E-01 -1.0782222256988499E+01 -5.3574762083380278E+00 -1.3553129911624316E+01 -4.2821416781689337E-01 -1.0337266526206426E+01
 -2.2747428706166981E+00  2.8081807089977926E+00 -3.5750949148003303E-01  2.0321086479246957E+00  2.4205093210126352E+00 -3.4922634153655161E+00
 -6.5537384928981057E-01  4.1182518283570477E+00 -2.0797378923871226E+00 -4.0160226079327821E-01 -6.9614523235765124E-01 -1.7418052662458188E+00
 -6.8713709089536523E-01  2.0837851337219750E+00  3.2376833174977264E+00  6.1838247215789266E-01  6.4606777745834432E+00  8.3655194562654123E-01
  4.1938432320686889E+00  4.6456745098540941E-01 -3.1891768050913645E+00  3.6857141098791830E+00 -7.5447726727759559E+00 -3.5458210590607395E+00
 -4.2759085222170308E+00  8.2668872450681476E+00 -1.4738314272623620E-01 -5.9573990070600837E+00 -3.4857355423638023E+00  2.2687602819244774E+00
  1.2230148219896170E+01  5.5128905319478561E+00  2.9584313631103881E-01 -8.4573718369390671E-01  1.9246599165202876E+00 -3.7191346107805874E+00
  2.1281486506353171E+00  2.9486051724435849E+00  2.0184228877563398E-01  5.7383280452727803E-01 -2.8181083711898830E-01  1.8787948421634622E+00
  2.5277080559224574E-01  4.3822182724231919E-02  3.3314171282968158E-01  4.9924064338404900E-01 -2.4160487914416700E+00 -8.1708086131681468E-01
 -1.6777215765449391E+00  3.7996364413829293E+00  3.1906845266831865E-02 -7.0674264261020069E-03  1.8225921483072438E-01  4.4924204972854563E-02
  3.8861124205590895E-02  2.4863664022418609E-02  2.6891273279309553E+00 -2.6738598570621628E+00 -1.8047771647068411E-01  3.4491027794164100E+00
 -9.7777592292252757E-01 -1.1241054433282904E+00  4.3791045934329954E-02 -1.3382076602515469E-01  1.0760577822979336E+00  4.7037323647341012E+00
 -4.9046410571535111E+00 -3.0489037078718413E+00 -4.6652339595973418E+00  6.3866894155424889E+00  3.8457718246918077E-01  1.8647828281356376E+00
 -6.3776177085434926E-01 -4.1890832750685625E-01  9.8475153776683338E-02  4.4717733918509195E-01  9.2446800049814770E-01 -1.8168867719109385E+00
  5.8420704177344085E-01  3.0095493448810653E+00  1.1861419690656458E+00  9.3567644739398770E-03  2.0959943734552322E+00 -1.3729277707846463E+00
 -3.4989917499845156E+00 -1.0843666137456066E-01  1.2372858510623539E+00  3.3418262453480496E-01 -6.5628941646966565E-01 -6.0641382857575157E-02
 -4.1602069502948391E-01  8.6329974683027044E-01  3.8931882767530757E-01 -1.5883937274305411E+00  7.7518568557888323E-01  1.4946484773176383E+00
 -2.4653793940658182E+00  1.7923691770244699E+00 -2.1120837366723474E-01  9.8826312739946576E-01 -2.5783853138396768E+00  1.5483204677114755E+00
 -1.1553576071269624E+00  4.3449883190890715E+00 -1.1050256781691938E+00  3.1379559944490283E+00  4.3915129498229071E+00 -1.3285737688187089E+00
  3.1561056540772023E+00 -3.8857526747384572E+00 -1.2761635298650278E+00 -2.8650567415602479E+00 -3.2413484561265865E-01 -6.7988344364456554E-01
  4.7086030296572184E-01  1.4001753435700148E+00  1.2522478656968476E-02 -3.8560380872617850E-01 -6.5975128768960847E+00 -6.2517009359117903E-01
  7.1703865556554436E-01 -1.3816611270167498E+00  1.6118619038009963E+00 -3.9350864333981490E+00 -5.0069276561960390E+00  1.1315918944758305E+00
 -3.8440531639882347E-01  3.6961453678206300E+00  6.6133020773326168E+00  9.9960346463741001E-01  7.8998957931153879E-01  5.2724382108504486E-01
 -1.1458341999814519E+00 -3.3743608910812388E+00 -1.2924758066495692E+00 -7.8259514811103719E+00  3.6261411919015529E-01  7.6391442882394800E-01
  9.1641028402893843E-01  1.6241138216323450E+00 -6.5470084066747392E-01  8.9229588581082531E-01 -3.5056850560894061E-02 -2.8676103780478368E-01
  8.2988529225325658E-01  4.6493661068148784E-01 -2.0841462492728202E+00 -9.8988657633212196E-01  3.0576135063950932E-01  2.8430169957697138E+00
 -3.7404526566278182E+00 -5.2865723707873347E+00  8.6564714296640091E+00  1.6880323603215845E+00  1.6156007011679021E+00 -9.6002811906548604E-03
 -3.5001646886597654E-02  8.4293010604139462E-01 -1.1957886063888801E+00 -1.5742291359468092E+00 -8.8059529957755800E-01  1.8326873849834242E+00
  1.6546110911022722E+00  7.6740828823469798E-01  1.0614552285769220E+01  2.9699091908857795E+00 -5.8055921288501695E+00  1.6939354822269870E+00
  7.3736385418872141E-01
ORDER     4 BLOCK     1
 -8.7703402399833852E-01  3.5196722099493813E+00 -1.8083520075164565E+00  2.1725128698875253E+00 -2.8742652420512593E+00 -5.4972128570888845E-02
  2.1936132401636423E+00  3.0898974510614665E+00 -1.6551173299255568E+00  3.6720320806218765E-01 -3.9644442211114534E+00  4.6366343961209522E-01
 -4.0372642241362544E-01 -1.6802974986892367E+00 -2.4399232674301561E+00  7.2023145112051479E-01  1.8932456870126868E+00  2.7974906625592261E-01
  2.6419989932610881E+00 -2.8645896673614217E+00 -1.1864352593303022E+00 -3.4990543527001758E+00  1.9877202006357506E+00  1.3169857945701140E+00
  3.3690527911951523E-01 -9.5927159375980064E-01 -3.5377284270889009E-01  1.2982153028922361E+00 -1.5246921867467482E+00 -1.2605788422199715E+00
 -5.9171293213419140E-01  1.0911801227831128E+00  7.5600881528967911E-01 -5.1765317185267035E-01  5.4226891143710609E-01 -1.5099532280681829E-01
  2.8271338036070315E-01  4.2487426656008950E-02  2.1548605437221564E+00 -1.8032556359581589E+00 -5.1771737944999474E-01  1.5853122103461273E-01
  3.9461876519816713E-01 -1.0087242242571535E+00  3.1892036208791206E+00 -3.1042565684528617E-01 -2.6408844172973711E+00 -2.9476468446201061E+00
  1.0852987707734612E+00  1.1869963228727667E+00 -8.8681407440288917E-01  1.8734950597728509E-01  3.5360017375097252E-01  3.3182716427698183E-01
 -3.3850994235666859E-01 -5.3893728965831911E-01 -1.0145507845960395E+00 -3.8377310011319754E-01 -2.5382199045573266E+00 -2.8066370592357712E-02
  2.9198358765078667E+00  1.0094032439711027E+00 -4.9228660533053900E-02  6.1548234796932888E-01 -4.4644169757342311E-01 -1.4307066206015222E+00
 -4.7799965291048341E-01 -1.6129356911929036E+00 -3.5853899422177848E-01 -1.6127119445804761E-01 -2.4036286547167958E+00 -1.1774354135271214E-01
 -1.8907434882466101E+00  1.4352124759203870E+00 -2.6896643621887280E+00  2.5558414252783329E-01 -1.5680242807827240E+00 -3.6930766707084626E+00
 -1.0922486133389435E+00  6.7511743832881854E-01  2.2647129050681523E+00 -2.2609603003327106E+00  9.8182480070142630E-02  2.8720964274930441E+00
  2.1901269670824992E+00  8.4687462898912225E-01 -2.2714020805000623E+00 -1.6194124383115267E+00 -2.1020285233364717E+00  7.7567642234233913E+00
  6.9475126546625643E-01  1.1684948785473728E+00 -5.9921447668008625E+00 -1.6400782740783870E-01  1.4271866770146080E-01  3.1581164166680602E+00
  4.4851481368856101E+00  1.4765003008269511E+00 -2.5480695785402725E+00 -8.3826304896946824E-01  4.7669248224769889E-01 -3.1738497199734428E-01
  3.0614631137274323E-01 -2.2065658195553048E+00  3.8647198981689566E+00 -2.6698772154923095E-01  2.7255574492831727E+00 -1.0528887637030759E+00
  8.2849363752099903E-01  1.1773127627779009E-01  1.0045798781626722E+00  1.1286257552708741E+00 -3.3031539992135528E+00 -3.1735766059101456E-01
 -1.5023875587873187E-01  1.7511411660105516E+00  7.7429543579010485E-01 -1.0593014093744191E+00 -1.0675578707100448E+00 -1.0945450448272721E-01
 -1.8228741735311427E-01  9.5568299562182313E-01  1.2654040095022936E-01 -2.7798620779552601E+00 -6.1525431898842586E-01 -2.4278482744173266E-01
  1.3351865326288070E+00  1.1114658931909014E+00 -4.4546786787555487E-01  9.9220924914730790E-01 -4.5344510989127562E-01  1.7393207641579156E-01
  6.8434688782471997E-01 -1.2643079582334471E+00  1.5937151972566734E+00 -1.1667007577005046E+00  8.8900625902188257E-01 -5.6400765323257940E-01
 -2.3481575416240835E-01 -2.3844368958703061E-01 -5.7189829976890028E-01 -9.8657543309413412E-02  1.9773240749223586E-01  4.0352281860033917E-01
  5.6328328686076082E-02 -1.1643651614140873E+00 -1.9200223457777876E-01 -1.3940100194120510E+00  1.0572528247660482E+00  2.0084472853057822E-01
  1.7507585857104466E+00  3.4475602948151862E-01  3.7449324706890352E-01  7.0648888647805641E-01 -3.7755016439761940E-01 -1.5526572681545101E-01
  1.1786950195807211E+00 -2.4080679879361879E+00 -2.9579192101528085E+00  2.1756327404452591E+00  1.3312126048990511E+00  9.5936749276725852E-02
 -1.3974961847388088E+00  8.6107720446355722E-03 -8.4166013042080867E-01  1.1391495324174039E+00 -3.3506407179508528E-02 -1.1688530171678443E-01
  2.7188684700145782E-01  1.0884071205449062E+00  9.7384272837177954E-01  1.1201745655013573E+00 -2.7708153876240604E-02  1.8943123238989648E+00
 -1.1922925681402020E-01  6.7698840643239844E-01 -2.3405752152614081E+00 -1.8660153838364291E+00 -4.5882519776278263E-01 -2.1068015641667934E-01
 -5.9731260122507575E-02  5.3285584879868431E-01 -3.5980286089641561E-01  9.7238036520832072E-02  4.1989536197119187E-01 -8.9543513814215514E-01
  1.1178898104029980E+00 -4.0397201606644995E+00  1.8697615175369589E+00  2.1560388413918816E+00  1.3982845829949104E+00  2.2135783942233722E-01
 -9.8279897604734701E-01 -3.8566579097073843E+00  3.3670850611604153E+00 -1.0711917780139979E+00  7.8939938396693554E-01 -2.7414107893581132E+00
  7.4730360901905379E-01  5.1955966884153526E-01 -3.1135633023596325E+00  1.2713011232201754E-02  8.5114340681600031E-01  6.7793565777546920E+00
 -3.0499596721766227E+00  8.6524767351049388E+00  2.6889310231008134E+00  7.4638169226988076E+00 -5.4647767732151635E+00  6.8598922264531814E-01
 -2.0416264782864788E+00  2.1274308106952797E+00 -3.2725901407403830E+00 -1.7828360049875736E+00  1.8407471635685269E+00 -1.0621616516068975E+00
  1.6215413039991751E+00 -1.8898207585039839E+00  1.1566672545290484E+00  1.0845585617375710E+00 -9.8343686667435626E-01 -7.0403654145302241E-01
  7.3929164018694948E-01 -5.7076302463849227E-01 -5.3884456135291217E+00  5.8550728557702216E+00 -6.8181740715322381E-01  1.2766548822962664E+00
  1.0933746773699313E+00 -8.2422279209953919E-01 -3.8525091845955113E+00  6.9903850766389413E+00 -4.3872000273744327E-01  4.9461671630222508E+00
 -6.7487458399266798E+00  2.0090442377134381E+00  3.4221164947127400E+00  6.0201843527662302E-01  5.5113451000610048E-01 -7.1977762462641015E-01
  3.3288980732893543E+00 -2.1764227228542015E+00  3.3430284647700170E+00 -1.9000307854268785E+00  2.0808907463392096E-01  1.6440829915648059E-01
  8.5762933663842411E-01  1.3835543184999750E+00  1.0300692628998660E+00 -8.9197436753662218E-01 -5.4896790896656111E-01  6.0461902183276039E-01
  5.7244016620554099E+00  3.1506225833274221E-01 -2.2743532744687505E+00  2.0447853404410743E-02  3.7801466067630094E+00 -2.0735843309410062E-01
 -2.6180763978273854E-02 -2.1955350996710526E-01  2.8445126185677516E-01  4.6440829635741006E+00 -2.7259755410096389E+00 -1.0685207864602042E+01
 -3.7265200511519772E+00  8.0745061183621902E-01  8.2753196570416723E+00  1.8846677879916700E+00 -1.1264633575397149E+00  3.6510505146268657E-01
 -2.2726297944925113E-02 -5.4912511668218988E-01  1.4484643685488481E+00 -2.0299535952891148E+00 -1.1769238160526649E+00  2.1679378750732572E+00
 -6.2601366504416667E-01 -1.6987806149811036E+01  1.6735120755866311E+00  1.2629751919618892E+01 -1.2145136227998712E-01  3.1878800377037426E+00
 -3.1976058897937049E-01 -3.4819951189471374E+00 -1.0424191017906326E+00 -3.7209887128715047E-01 -3.2513553062527336E+00  7.1166259197533890E+00
 -8.2750832963999388E-01  3.4139970344788111E+00 -1.6389472842781638E-01 -7.4781022653014428E-01 -1.1189890764747386E+00 -1.9642776901939614E+00
  1.2251177793956365E+00  1.4130130494202149E+00 -7.7157188313448399E-01 -3.4861789218922573E-01 -2.2905729457062898E+00  7.8491913286435333E-01
 -7.8990462589927468E-01 -5.6954257207356216E+00  2.2423536470434207E+00 -7.3036235465954693E+00  4.5433709527133344E+00  1.9857977571872132E+00
  6.5232237050251660E+00  9.1744076554295639E-01 -3.6937189547978089E+00 -3.8257748800830078E+00  1.3988749011432100E+00  1.4993426161217835E+00
 -1.9114099794462398E+00  3.3972994520490358E+00 -3.0923348531678128E-03  2.3836796277630308E+00 -1.5550614989138574E+00 -4.9921678071009318E-01
 -4.0843041932195423E-01 -1.9183140760847301E+00 -1.4785866057526245E+00  4.1794407330467163E+00  1.8698645434251580E+00  9.7795896331757692E-01
 -2.5267881144934972E+00  4.0387682806519992E-01  6.0716294031407747E-01 -1.1900884953763620E+00  1.5096514069832991E+00 -1.3791965143829517E+00
  1.1429414537973941E+00 -3.0491806948895861E-01  4.5688188222914355E-01  4.7199958845240725E-02 -1.4569039916087030E+00  2.2857254185131302E+00
 -1.5977712893042477E+00  4.0983210408461229E-01 -1.1399427072561228E+00 -1.0789021178816496E+00  1.5481770970246866E-01 -2.7858248979155427E+00
  5.1193054540964134E-01  1.3422939314562385E+00  8.5523962399497377E-01 -2.1338822402792208E+00  1.9480797233524325E+00 -1.9034838649754880E-03
 -2.6021978536204887E-01 -3.5403483269889263E-01 -3.5973776565009724E-01 -5.9251134020131901E-01  1.0949004505989307E-01 -6.9210302817184566E-01
 -1.5632017573365615E+00 -4.2096409040125810E-01  2.8533018074205510E+00  2.9292677369438236E-01  6.4469829964764047E-01 -2.0746428056153774E+00
 -3.1981179426929409E+00  3.3350128504347141E+00  2.3369257237523866E-01  5.1851601477202872E-02 -7.5720241339942274E-01  1.8820677993740713E+00
 -1.8138000188766279E+00  2.8706010270813082E-01 -5.2439028319201930E-01  8.6221132918702437E-01 -6.3655677183545789E+00 -2.2002220054639773E-01
  4.2696374983383176E+00 -6.7125392554976271E+00  3.1135141675035269E+00  6.6897188757756465E-01  9.1113862039724491E-01  7.1409307825991086E-01
 -1.2260326961642238E+00 -8.0238157989293546E-01  1.6112612517600042E+00 -6.8270608227375917E-01 -8.9554660396240404E-01 -2.2662785395300644E+00
  2.0820161453158450E+00 -1.3633360563741426E+00 -2.0684111193549835E+00  4.3773330028709485E-02  4.2923152396291220E-01 -2.4805058688478234E+00
  5.5797054572830906E-01 -1.0929134301727972E+00  4.7841298628451240E-01 -1.4010688890753475E+00  2.2981253188905246E-01  1.5721105014270622E+00
  2.1778475956535981E-02 -6.6427201595886975E-01  2.9343731113179472E+00 -8.1377006021079523E-01 -2.9577295769779104E+00 -9.2565958337762178E-01
 -2.5152749515913801E+00  6.4805847259518092E+00 -1.0074970339344576E+00  7.6608657637011142E+00 -9.9565919515617030E-01 -6.2671303656813402E+00
 -8.5639125667717908E-01 -1.1371230601405287E+00 -6.3283829774257183E-01  4.9216770528338518E+00 -6.1440974064540459E+00  6.7394265174748735E-01
 -2.6698888020699951E+00  1.1977215504924275E+00  1.2406010439853787E+00 -8.3312284408424075E-01 -1.3808597230778341E+00  6.4549448517483796E+00
  1.0612961820352726E-01  1.5037949951944483E+00  1.2570405818175661E+00  2.6907337663041764E-02  2.6862382213313041E-01  3.4236720830780054E-01
 -1.7171828644444491E+00 -1.8119753546747961E+00 -1.8987584520200116E+00  8.1047688693566017E-02  1.4214454425120644E+00 -1.1514645765894091E-01
  3.6081723662499612E+00  1.4215525971669793E-01 -2.6467799672835990E-01 -6.4644643209156483E+00 -2.2983442523524361E-01  6.4443136417919977E-01
 -8.6118630777077085E-02  1.0711415453148528E-01 -2.5693125508642498E+00  1.4069801175483176E-01 -3.8668059330489185E-01  5.5772993904252477E+00
 -6.7730769962226212E-01 -1.1079789195814312E-01 -3.2251475136415209E-01  3.3411760355191733E-01 -1.1794109848257836E-01 -1.1271367649936705E+00
  7.9460364788075299E-01 -2.2441555329810963E+00  2.8091962238700812E+00 -7.9232611819266707E-01  1.8356340596028429E+00 -2.2999766274597364E-01
 -1.0863005682354299E-01 -1.1655719657602752E-02 -6.4195979706427111E-02 -2.6642297223481211E+00 -9.8854560850531958E-01 -1.2880672640832262E+00
  4.0955056405563672E+00  7.9134525642333609E-01  1.0961640266385020E+00  6.8349452940653477E-02  2.4065444155299182E-01  1.1818812478365612E-02
 -4.2732016095546534E-02  6.8461269174403788E-02  1.1362663801406447E+00  1.0694777885034121E+00 -3.2804976777995065E-01 -7.0666444329793099E-01
 -1.0996473566751748E+00  2.2670073059914134E-01 -1.6835866757617010E-01 -4.8974815692492631E-02  2.3761675504933499E-01  5.1990310504309009E-02
 -2.3834066468368924E-02  1.0310514623142079E-02 -3.9298926878977967E+00 -4.1142207064164760E+00  4.7113974777052503E+00  5.5534997743404813E-02
  1.6222961471937924E+00 -3.5144437303320863E+00  4.0504508077842905E-01  9.6933406674783884E-01 -9.9830935643389762E-01 -7.7376405012576277E-01
  1.4638085813213472E-01 -1.6355432309176893E-01  1.6190306164243615E+00  6.7221662415147065E-01 -8.7622044613370931E-01  7.5283916272343609E-01
 -1.1313351051109413E+00  1.2853958446463603E+00 -3.3467581850573597E-01  3.5124078538250003E-02 -2.0803372320950433E-01 -2.4732348986271385E-01
 -3.9073105654059213E-02  1.8448773062621737E-01 -1.1068034614723449E-01 -9.1321268846480008E-02  2.2977834950351078E-02  5.7657222820409371E-01
 -1.9126205528561375E+00  1.1917411375176765E+00  2.3682858745396738E+00  1.4130344012755875E+00 -2.3745696123071798E+00  1.9641844322862070E-01
  3.2613619856617282E-01 -3.0815041965835560E-01  2.0120221565016499E-02  1.5755490899590233E-01 -6.9491541598335482E-02 -1.2205515171758774E+00
  1.9576615269478459E-01  5.6532503858187444E-01 -3.3942151896821620E+00 -1.4317504389323228E+00  4.1776458735065464E-01  3.9526839125087498E-01
 -2.9609051998597242E+00 -3.0340791338397310E+00 -1.8718732179926754E+00  1.7604222836727550E+00 -1.0292022544543398E+00  1.9213473621276294E+00
  3.9188138759848261E+00 -8.8162650289709710E-01 -1.6751808954104668E+00  2.8250394465441429E+00 -7.3099499126248690E-01  6.4295929551491804E-01
 -3.3079467277278547E+00  6.4484185318930021E-01 -4.9105930516813795E-01 -2.5631897682992044E-01 -1.0926124774964634E-01  1.0636004213610106E-02
 -3.7937707747985594E+00  2.5882095976832931E-01  2.4730902786123257E+00  1.9904930297673543E-01  1.0609173113463112E-01 -4.0501365193807604E-01
  3.6745703008054559E-01  2.4847601284353607E-01 -2.6519349594227075E-02 -3.4953283667022172E+00 -4.7475421973229809E-01  6.1790718373804809E-01
  8.2745402523429661E+00  3.9657067345224534E-01 -3.6434294303067366E-01 -1.0440086097736812E-01  2.0231585799358170E-02  3.9449813254729481E-02
  1.5328557177072494E-01  2.1624550676838383E-02  2.1838139763148259E-01  6.2148875521680687E+00 -3.1286461806315420E+00  3.9536087617414029E-01
  1.3055507817323506E+00  1.0602012104002087E-01 -7.2579841250382554E-02 -2.2660615058014697E+00 -5.5497955857841852E-01  1.8973533862406167E+00
  1.0517325537836022E+00  5.4598647355022667E-01  2.7319029039382046E+00 -1.5316564760508462E+00 -6.4395502834676055E-01  3.1829941929824157E-01
 -9.1330168372029744E-03  3.1899128606765648E-01 -2.5535211947496743E-02 -4.4645138327873743E-02  1.4522256993907436E-02 -1.1881033765272455E+00
 -2.5728735199080560E-02 -3.2135417382938941E-01 -2.9228212441147545E+00 -1.6390660199368282E-01 -5.0794497398000860E-01  2.3635216986449778E-01
  1.8891005533695455E+00  9.4081028799179500E-01 -3.6112427052956275E+00  2.6428965746901341E+00  7.4064999326489034E-01 -1.6923079550645754E+00
 -6.3765690942503452E+00 -2.1641535730590715E+00 -2.2317924411644383E+00 -5.1338837340955301E-01  2.5983459094368553E+00 -1.7680715111600287E-01
 -8.0421550778484696E-01  8.6293254427328880E-01  2.0326179758740248E+00  1.3585899137426094E+00 -2.7247008559792847E+00 -3.9173142320861989E+00
  4.6495343011067725E+00 -2.1157124041159356E+00 -1.0817563216153958E-01  9.6200702384246206E-01  2.0247436984150009E+00 -5.6135241775648548E-01
  2.0660336534373678E+00 -1.9389831103977644E+00  2.1934465357445960E+00 -6.8007763854894066E+00  1.6295844696942294E+00 -2.1871826857605727E+00
 -1.4875319337027901E+00  2.8489161779011901E-01 -7.2539119738636276E-02 -1.9571505392540303E+00 -7.0322522248432395E-01  2.4056297431884821E+00
  1.2197706738524747E+00  7.4312786178152790E-01  8.9968371601757768E-01 -1.9796544465249930E-01 -2.8958443552080043E-01 -1.8855215172363837E+00
 -1.1797642617123640E+00 -3.6517179234092129E-01 -2.7134794061964183E+00  9.6877281124100711E-01  4.6525924781557038E-01  8.8885955081701218E-01
  1.1647816438342171E+00 -2.9908297859445448E-01 -7.5771932391333702E-02  4.1665094681645440E+00  7.4437286315900875E-01 -3.8012630793058150E-01
 -6.6440934644194560E-01 -4.4552488824954539E-01  2.9643192022805587E-01 -3.0114289739183131E-01 -1.5143245098629390E-01 -1.0702254589672501E-01
 -8.2206203438869474E-02  1.4615970599605568E-01 -5.0381633422657561E+00 -1.3529110045479493E+00  5.5123177128434404E-02  1.2562622529541303E+00
  1.3598204163605496E+00 -2.9949123528929200E-01 -1.6964661356205701E-01  1.7197421083899069E-02 -2.2868530229782535E-01  6.5811700807947215E-03
 -4.1067115326524517E-01  1.1844462148169115E-01  8.8337443431362370E+00  1.2488946857301350E-01 -4.4835293622706267E+00  2.5525016735768862E+00
  1.5138653281349137E+00  3.0336408913575785E+00 -9.7147897093126559E-02  7.9113866939089883E-01 -3.0294106284347794E-01  1.5242836176215864E+00
 -1.8012377343267929E+00  1.3478463406083510E+00  8.1257832428084154E-01  2.1040141048477716E+00 -3.6984720034560192E+00 -8.0037821147437438E-01
 -1.1531961840598319E+01  3.0388528871871392E+00  7.3518859078035415E-01  8.2298304056018745E-01 -6.9481512432476036E-02  5.2211918688321490E-01
  3.5170280360761025E-01  7.4982915133614159E-02  9.9023596536670616E-02  2.7307732384601398E+00  5.0201446916103387E-01  5.8950751966018600E-01
  1.3511434601514025E+00  2.7991357611746195E+00  4.0020930041842480E+00 -6.4924272580891740E-01 -2.3182360003015896E+00  9.7574560745789984E-01
 -6.4391808916023829E-01  4.7780394523971176E-04  3.9346904367046777E-02 -3.1269554610411759E-01 -5.8784374813906758E-03 -6.6017131955102470E-01
  4.2252686771847769E-01 -1.2333102021464748E+00  3.8361073078156611E+00  1.6446840125581055E+00 -9.8792858670026273E-01  1.1744994930203230E+00
 -1.1696741193445934E+00  7.0100241654240547E-01  2.1790154998983549E+00  4.0815922039109798E-01  4.1431455786798355E-01  3.1576235882509646E-01
 -1.9485878084200639E-01  3.2327719349660822E-01 -2.6357182186158026E+00 -3.6919902989621883E-01 -6.1995867826100759E-01  2.1652089919374644E+00
  2.3954338572362305E-01  8.5214923794327602E-01 -7.2339060402849320E-01 -6.4574437740348289E-01 -7.5778623919757826E-01  4.9757113714194653E-02
  5.4878071017839958E-01  1.6463392984325945E-01 -1.1510196593448002E-01  6.3239792994248201E-02 -2.7602602249804398E-01 -1.0860997573824796E-01
 -1.6080492859486546E-02  3.2017756113402535E-01  5.7530233354844440E-01 -3.6315185124441851E-01  3.5661396328201311E+00  7.4734208907400179E-02
  2.0820932984624677E-01 -2.4291139785057858E+00 -5.6493551763648076E-01 -2.4662938314077362E-01 -6.7171154468619332E-01  3.0298285852555767E-01
 -3.2638105681624355E-02  3.5146631816022757E-03 -1.2154693147401450E+00 -1.5544798118070841E-01  1.5986041072157772E-01 -3.5778812862430627E+00
 -2.0103272885327623E+00  3.9777148740339578E+00 -2.3246578023071591E+00  2.2367325585155426E+00 -3.0700383866938488E+00 -9.9064204838090231E-01
  1.7223580742430935E+00 -2.7314889053386604E-01 -3.5936478626236140E-01 -2.2271606118812065E-01  9.9212651340174296E-01 -7.6580338808771253E-01
  2.4671417347722118E+00 -8.1693617615811032E-01  5.9053642912176874E-01 -1.1674356781072603E+00  1.4089850513062899E-01 -3.9600280739531217E+00
  1.1102624339971019E+00  4.7753456932700317E-01  6.8911219653454092E-01 -7.5785019011345578E-01  1.1267457752301637E+00 -6.7023783097192202E-01
  5.5750556590443512E-01 -5.9818738622158996E-01 -5.8319388285414508E-01 -9.7869018899935190E-01  2.7460209056001417E-01  1.5696562488156545E+00
 -7.2600085146588486E-02  6.7416394232941868E-01 -2.2428474315082464E-02 -1.8013565208949334E+00 -9.2404491954209256E-01 -2.2528533394695041E+00
  3.0675030362574829E-01  1.7747650450409240E+00  3.1749878900590023E+00 -2.3061894450162077E+00 -3.5430298821249258E+00 -1.5078086069279988E+00
  1.6282752450074744E+00  1.2135542921727240E+00 -2.5719908357129535E+00 -1.0613258353388570E+00 -3.7255222411043376E+00  1.0653501165591048E+00
  6.7404475787315332E-01  2.8717330467949746E-03  9.5006134430215750E-01  7.6942008377782498E+00  3.0416989294655510E+00  2.1326091778024843E+00
  5.3117461558965247E-02  3.7222095945283812E-01  8.0500634108538982E-01  1.2198369074528079E+00 -1.2608110328196480E+00 -4.0820050608261838E-01
  7.6682874436041062E-02  2.6152442156051157E+00  6.0133958434238932E-01 -6.9112326368056987E-01 -7.8387209325021887E+00 -3.1754737840677111E-01
 -3.5331947586411692E-02  3.5031706172060362E-01  7.9604720450220351E-02  6.3564610879050437E-02 -2.8483159553393084E-01 -1.5922949535519265E-01
  2.2323493337843231E-01 -1.9697370802270995E+00  5.3235049779018331E+00  4.2691482788186141E-01 -2.3361551028260115E+00  2.3351633876710315E-01
 -5.2884667509202306E+00  1.4501078261919267E+00 -1.3719311713525075E+00 -2.3782162110347551E+00  7.3511995584271794E-01  1.8391827458075360E-01
  2.2387431529659998E-01 -1.5716952010394136E+00 -3.2639592068995038E-01  3.7659328448570079E-01  2.2251812364213111E-01  7.4926816584617661E-01
 -1.7752998091198072E-01 -8.9349609321127149E-02 -3.5584234266117397E-03  3.3638273380983907E-02 -3.8192408739968586E-01  5.1177206567281100E-02
  8.4545599786104197E-01  1.7681092498519155E+00  6.6130400401632050E-01 -5.3533358230373096E-01 -1.0314322948446644E+00 -3.0151340275632399E-01
 -3.4814455603846906E-01 -6.5880395759514088E-01  1.4975517015731648E+00  2.6622703325380476E-01 -3.1366358461589028E-02 -2.7705510543797052E-01
 -1.2139784205148119E+00 -3.0160737187314529E-01  3.6225442931313190E-01 -2.8286432054812995E+00  2.3004456473533632E+00  8.1530949638010686E+00
 -1.8535869860387653E+00  5.8882086140219767E-02  1.6295022681475799E+00 -4.4366765630920019E-01 -4.4916061755541492E-01 -6.1430005532569343E-01
 -2.6027443529280037E+00  9.1574583333954640E-01 -3.6025190391820665E+00 -2.4521733891322843E+00 -5.2634158966797784E-01  1.5183350756414902E+00
  1.4713853420081897E+00  5.9391326746646311E-01 -6.5604006640762957E-01 -7.4410409462753746E-01 -2.9812482665901602E-01  1.0587465555034237E+00
  3.2387783051396495E+00 -4.1300077717468964E-01 -5.4882185321024846E-01  6.2598901488892345E-01  8.6186003628713259E-02  8.5820167506692621E-02
 -4.4076365901364967E-01  1.0568156331980472E-01 -3.7922480672524506E+00 -5.4543750969586293E+00  2.5562166418987360E+00  3.1684015791101929E+00
 -3.5758046088713219E-01 -7.7374331154071694E+00  2.4148929982770245E-01  1.1099750913042072E+00 -1.8688154702613913E-01  1.9710017855882817E-01
  3.6092500601340416E-01  1.6557218920780964E-01 -1.2154816446550776E+00 -9.2050798970581738E-01 -2.2734858252836623E+00  1.4699500667077907E+00
  6.8828906997364248E-01 -1.1994909185131228E+00 -2.4073839692046071E+00 -2.0352039168365724E-01 -9.2827481929368527E-01  3.0210456508384309E-01
 -3.1263212671649443E-02 -7.4734749128440181E-01  7.8381640486600540E-02 -3.8560789439211762E-02 -3.3277919353581975E+00  1.2944403339954464E+00
 -6.5918425576402784E-01 -3.6030549150471618E+00 -1.0127460677394389E+00  7.4401110595610709E-01 -1.9325093633143167E-01 -3.9579950908043471E-01
 -2.1439734892067272E-01 -5.6504805188107798E-01 -7.4554841737250843E-01  1.2086232325285806E-01  2.9300248488513508E-01 -3.2673953572514858E-01
 -7.2718657158864761E-02 -9.5094641468453187E-02  6.0738058905918157E-01 -7.1628646843747326E-02  1.9275194072828843E+00 -4.2607076155296103E-01
 -1.1149768080184432E+00  2.4856810372677525E+00  2.6348886473372107E-01  9.5196828084876650E-01 -3.7216423614652838E-01  6.6778488892435012E-02
  3.3222440597874092E-01  6.7613087318942014E-02 -5.5248100641160841E-02 -3.8475690174540784E-02 -7.5301527235935217E-01  1.4868372811456896E+00
 -1.3854462138085064E+00  8.8800409150461856E-01  3.1967608246528902E+00  5.9128017153786405E-01 -1.8716047639551723E+00  3.4018778710654676E+00
 -1.4575795374362024E+00 -3.7233221540279473E+00 -3.6777106019998468E-01 -1.8185779556714456E+00  5.2971539333058608E+00  1.1389205177283956E-01
  2.2148165144785958E-02  5.8943155616973131E-01 -9.8595077012446172E-02 -5.5239448509208290E-02  2.2410794981145260E-01  1.2716083274289633E-01
  1.3155057723186556E+00  6.9564689112595501E-02  1.2075556294526021E-01 -1.1300148240495882E+00 -7.7068263605200826E-01  9.1821712241260933E-01
 -8.4148571714181153E-01  7.7781060179882244E-01 -9.5021729146665446E-01  8.6213485400994133E-02 -1.3885636780393907E-02 -2.2031749019260435E-01
 -2.6161782397394839E-01  5.3206025146959202E-01  1.1784346674521598E-01  6.7324031562285291E-01 -6.7740936398990315E-02 -4.5730059988123883E-01
  1.0159128943104458E+00 -4.4362568464529675E+00  1.8414086113563813E-01  3.2405477984665851E+00  6.9691307971241762E-03 -8.0164668095463520E-02
 -4.9199254115162450E-01 -6.7614846830371922E-01  5.4727405720986089E-01  2.0406352174897555E+00 -2.0831103206771193E-01 -4.8797573924392017E+00
  1.1465145648535657E+00 -4.5955101903145550E-02  4.1033400830338875E+00 -4.0756285921466884E-01 -6.2203534374112257E-01  7.9347493603495300E-01
 -2.2908567462500889E-01 -3.1332005707945754E-01 -3.6326630910731456E-01 -1.3826190701543339E+00  3.3256949324029561E-01  6.2511444038860664E-01
 -3.8741497681626033E-02  7.5447099818713181E-01 -5.8511452985590573E-01 -1.8255970862028612E+00 -3.8237706077164074E-01 -3.3028031873280511E-01
  5.4518050517177601E+00 -3.9623279366151409E-01 -3.9579865183082101E+00  3.6336039002453568E-01 -5.0091707450996203E-01  1.6950301195293738E-01
  5.6313396989314612E-01 -9.9813052232879340E-01 -7.5997533667950301E-01  1.3832001283503241E+00  7.3277549839606115E-01 -5.2448764290913008E-01
  3.2322768472440588E-02  6.2076163010352026E-01 -6.2247380652892259E-02  1.1124880351579587E+00 -2.0507646872972704E-01 -1.6679861617446159E+00
 -1.3805922357034510E+00 -7.8924053948797590E-01  1.1642975277278655E-01  2.5311725634215891E+00 -2.0425334088608911E+00 -1.9151162546834324E+00
  3.2023846698214359E-01  1.6139771728847681E+00 -1.8056863750800722E-01 -7.5010788194590692E+00  1.6949375949450299E-01 -3.0816695034716157E-01
  4.1495685018473791E+00 -3.8253959483203444E+00 -1.2415579229695266E+00 -5.0481590217239898E+00  8.3414951756274345E+00  8.5421915267227266E-01
 -6.5847180135487154E-02  1.5376845216097768E-01  2.7909089178810487E-01 -2.5540319196278705E+00  1.2383818858500413E+00 -3.6481130115742355E-01
  5.3244473699503434E+00 -2.7881780692170932E+00  2.7962529372195655E-01  1.0798941639476414E-01 -2.2721480404170425E-02 -2.5163247030805046E-02
  5.9451205589552088E-02 -3.2019550912123586E-02 -2.9093349430107140E-01  2.3358221462151341E+00 -2.3231333533171070E-02  7.4215539257390370E-02
  4.2384320321841716E-02  1.7619087004423708E+00 -1.7422984908364254E+00  6.5742695699967846E-01 -4.3209774258188366E-02  1.9310414950463484E-02
 -3.5804256737787710E-01  1.1976499180699098E+00 -1.0953070026201611E-01 -1.3301289993801109E+00 -7.5243224872638703E-01  3.4025884135132073E-01
 -6.9529863177756390E-01 -7.9036968048030221E-01  1.4164674397017452E+00 -1.2706548261047610E+00 -6.6120408287684485E-01  1.8149400119498416E-01
  5.6066737252288523E-01  1.4843008679802411E-01  9.9246387577113293E-02  1.3743638743973915E-01  4.6068728100937195E-01  1.7003717036742142E-02
  2.7746074780814554E+00 -2.7596030052187032E-01  2.6595220959309152E+00  2.7494008017561461E-01 -8.5803272085565804E-02 -4.1177389260533895E-02
 -8.6070305640597311E-03 -1.9371139704587663E+00 -3.2606111953415506E-02  3.1428977811577857E-01  1.6272531110011503E+00 -1.1447254206687978E+00
  3.3782699130077692E-01 -6.1888501529771931E+00  8.7389683586539879E-01  1.6617537393312878E-01 -2.5866209731849124E-02 -6.7538192951308001E-02
 -4.8541682785152845E-03 -1.0474750521010970E-01 -9.2650256242871903E-02 -2.0392422930611737E-01  1.5891891658423276E+00  6.6830425002609134E-02
 -3.5874731719358612E+00  1.7937292310540781E-01 -1.4140704113944580E+00 -2.5406442157243775E-03  2.2021633442089139E+00 -1.5500988445603245E-01
  2.6817711007629247E-01  1.6863617901169645E+00  3.6449735119399485E-01 -4.4196373949510215E-01 -2.5596559315428763E-01  1.4973839320130893E+00
  2.1765295711481798E+00  1.9836202545684425E+00  2.9558988035095086E+00  5.5223057574523537E-01 -3.9544299799948501E-01 -2.2600654547344381E+00
 -3.2958312650487515E-02  3.8084654324462991E-01 -1.9101406590577277E-01 -8.3825354783356072E-03  3.6540376849216955E-03 -1.2247167789385580E-01
 -9.9278284836923958E-01 -6.9614237322314387E-01 -2.3026862693168215E-01  1.2218368233378915E-01 -3.6144707597694087E-01  4.7401402130792647E-01
 -2.7873647847909094E-01  3.3982691892314988E-02 -2.6813796356314107E-01  9.6156867311301697E-01  1.8881438616874071E+00  1.6878781096239126E+00
  7.0797522155346182E-02 -3.2230546294565063E+00  1.5502252358737145E+00 -3.8948265192283200E+00  5.0570361120690261E+00 -2.1968122719691534E+00
 -6.4515861070505043E-01  1.1445814827174607E+01 -1.1549478276271994E+01  2.5273547035913491E+00 -1.6530222995291142E+00 -9.7161725078364647E-01
 -5.7784657692143293E-01  6.0125813641231884E-01 -1.3304915580379877E+00  2.7991178712297593E+00 -1.4787540374434097E-01 -1.7056466143493432E+00
  1.0910356767243787E+00  5.8264344512216315E+00 -5.2154572332522353E-01 -1.4568609219408297E+00  1.2968997124167390E+00  7.9290013678458693E-01
  5.1327125055098035E+00 -2.3652114592197560E+00 -7.4992616037127471E+00  5.7634015497623081E-01  7.8867077389314950E+00 -3.9614257172944001E-01
 -3.0291960729378418E+00 -3.5484044553306751E+00  2.6360682592774380E+00 -1.5717908592567944E+01 -3.2497626974608018E-01  1.0287615525526293E+01
 -2.2662607463618532E+00  1.1207642378763655E+01  2.1274994969725840E-02 -2.0778917445439462E+00  3.0347316887954068E+00  5.5836534803768278E-01
 -3.6831952602013258E+00  6.4127397271259658E+00  2.1172937745843479E+00 -3.7050782519072958E+00  7.7501062042743019E-01 -4.7920580645920232E+00
 -8.0124658429355355E-01 -1.2680789681522717E+00  2.8373990935173152E+00 -4.7678455306125983E-01  1.4611364721567344E+00  9.5016087439965280E-01
 -2.0743865805351813E+00 -1.0296825866000909E+00 -1.0632203173876231E+00  1.9345253619477949E+00 -5.4739564844685118E-01  2.3730694212649014E-01
  3.3496470891914583E+01
ORDER     4 BLOCK     2
 -8.0286100996409238E-01 -2.0702756885075240E+00  4.0257342739931552E+00  5.6046812289135017E-01  8.4660212613177543E-01 -5.8998245369009361E-01
 -1.9282163369876779E+00  8.2257291022689460E-01  2.7033283622448403E+00 -4.4234774908315710E+00  4.2819113790215324E+00  2.3373526763605925E+00
 -2.9850852729955153E+00 -3.2814027498300287E+00 -3.1568184216507071E+00  2.7662873592862827E+00  2.2999479968057708E+00  2.1562294358196858E+00
  2.8819855362748688E+00 -8.8191673165857343E-01  2.5202183556897833E+00 -1.4458565394686733E+00  8.9085065202849334E-01 -2.2363774583677514E+00
 -6.2703648089159980E-01 -1.0052771849893488E-01 -4.1782776986309195E-01 -4.5130491856403049E-01  1.9286045665885443E-01 -3.1193096930992870E-01
  6.2203900316038518E-01  1.8849358611338732E-01  1.4751894473898025E-01 -2.0932063513079863E-01 -1.1277130639265363E+00  1.4811018040652801E-01
  3.5418261736592849E-01 -1.5357009598604804E-01  9.7728970377868407E-01 -6.2753836312454891E-01 -1.8699914712977894E-01  4.0031277295821710E-01
  2.8187592851826326E-02  2.3376403263979539E+00  2.1556743359209944E+00 -1.5339474864075671E+00 -1.1109849543683386E+00 -9.4845102525419067E-01
  1.3998204741007734E+00  1.9194131116822117E+00 -2.4818305862220985E-01  5.1100541411186284E-01 -2.8667373828562887E-01  4.2399819225033680E-01
 -4.7067857978080929E-01 -1.8847387057266656E+00  4.3839382838684486E-02 -6.2374544692574696E-01  3.2856440346998648E+00  2.4879058567515155E-01
 -2.4071044341839167E+00  6.3842726225932389E-01 -1.1083365196844004E+00  3.2700652779856820E-01  2.5186167549826766E-01 -3.3561540776380744E-01
  1.6607181074355524E+00  3.4582015955794327E+00 -5.8811216654506309E+00 -6.1858227211956343E-02  1.5411950972230422E+00 -5.1487708964985499E+00
  2.3847998752335178E+00 -4.1973702053303370E+00  7.1336512324244894E-01  6.2070754996352386E+00 -1.3654960985045033E+00 -2.1890247170037007E+00
  9.3075991850884188E-01 -5.2042823260528595E+00 -4.9591547112523240E-02  8.5106831209267710E+00  1.3145033216620967E+00  5.0931411306480889E+00
 -4.5167696930019670E+00  2.3176523065503060E-01 -5.1991117155622337E+00  2.0864697741223570E+00 -5.1357320505493763E-02  3.7037460475819981E+00
 -3.0832558577754972E+00 -7.2873169806134097E-01 -7.4610071773393127E-01 -1.7600981181272080E-01  9.9184812111257936E-01 -1.2963867016941369E-01
 -3.0733741800722381E-01 -1.1466831531618096E+00  1.5654180148197339E-01  1.2182375823746858E+00  2.1623586702082170E-01 -6.9655086568134261E-01
  5.2106829518731845E-01 -1.8776197106112483E-01 -2.9392877502726193E+00  2.1578040671335335E+00  3.5474931411460908E-01  5.8484406615936269E-01
  1.2256673020602655E+00 -1.6212799129577911E+00 -2.0695255821124259E+00 -7.1005875464763657E-01 -1.1099581232992408E+00  1.8854519989908929E+00
  7.9739814067154147E-01  3.0382655909987716E-01  4.8065236912263465E-01 -1.1004103882676697E+00  3.0928493417718167E-01 -8.4909126178858785E-01
  1.4149349955148753E+00  9.2099011939692144E-01  1.3890068419796979E+00  1.1996046707481829E+00 -4.6866941189240252E-01 -6.7267713836554865E-01
 -3.0659427562970126E-01  1.3748395651468978E-01  2.3611211357050945E+00  3.0551289212079363E-01  1.9919702690850755E-01 -4.0034919361325588E-01
 -2.6946411215105956E+00  8.3540013766556651E+00  1.2858612336884565E+00 -6.8507227767620895E+00  1.6573234927884326E-01  1.4497641770134797E+00
 -5.0991781322807982E-02 -5.8399653897108927E-01 -8.7935430011213911E-01 -1.4531346548304662E+00  6.6477428504335212E-01  4.9633919130195068E+00
  5.1573857451722616E-01 -1.0040054714570557E+00 -4.2903566559688855E+00 -3.1728909043954860E-02  2.5287434776497286E-01  1.4799031662498108E+00
  1.8905112702541896E-01 -2.4260682653440688E-01 -8.1315481635463049E-01  7.6251060066124932E-01 -8.7088785523380688E-02 -1.3990588013319643E+00
  1.5920663751291195E+00 -9.7485050276859777E+00 -3.8096385641617045E+00  8.6533074058364559E+00 -1.1324665479992101E+01  9.8870769392929725E-01
 -6.2311929089341167E-01 -7.4097178723939949E-01  2.4576719020333506E+00 -9.9748246163543219E-02 -1.4808510360324603E-01 -3.7356632347024568E+00
 -2.4716309605770230E+00 -4.8391727202954842E+00  2.5971492396882656E+00  4.7986639199071091E+00  2.1486232763759650E+00  4.7057522324179429E-01
  5.5047040454565521E-01  3.1666734138168817E-01  8.4756376946396883E-01 -1.3266520872559660E+00 -5.9796945384241784E-01  9.7809449013618199E-01
 -7.7586398208767571E-01 -1.4492953686166876E-01  2.2062066014026600E+00 -9.9816221985435083E-01  2.1245207220932394E+00  7.3005724029968910E-01
 -5.3046800941446426E+00  4.9142646425461484E-02  1.2368150357908916E+00  4.6741920872264281E-01 -3.1480520707066058E+00  1.5345498451351782E+00
  8.1595183943503724E-01  2.2247313398353836E+00 -4.5150741865461148E+00 -1.0378627394551343E+00 -3.8689560004187473E-01  3.8029774310341669E+00
  1.0979911899564707E+00  9.6383901888621148E-01  6.3756696102636801E-01 -5.4835952324626007E-02 -4.5511953401778849E+00  5.3139972852851214E+00
 -6.7362153239137121E-02 -4.2815696279088611E+00 -4.5760640324509311E-01  3.8184189519925777E-03  3.3164385162815679E-01 -2.1727956344534760E-01
  5.2326862096621007E-01  9.8982134460471147E-02  1.8468855042112335E+00 -1.1228608407972451E+00  1.6156376769793750E+00 -3.1419573886560341E+00
  8.7411733654771961E-01 -1.2996110678521511E+00  3.4000023254166917E-01  2.0836117814004829E-01  2.9017201481013877E-01 -1.5747347617174026E-01
  2.3606367633709247E-01 -5.4794647666436061E-02  7.0499125890345149E-01  2.7478555491941701E+00  2.3864874792996724E-01 -2.8040339786359891E+00
  1.1960792532319151E-01  2.0803910805859296E+00  2.1547456676389559E-01 -1.9375658539273126E+00  4.5236336956472121E+00  8.2297307427137256E-01
 -1.5447242059775845E+00 -3.6285648926988183E+00 -4.6497637246423046E-01  1.3750664252698184E+00  8.5269770641036247E-02  8.1394565360544047E-01
 -1.1379289219024140E+00 -7.6446358209916299E-02  4.7765014104337172E-02 -2.5200013339413968E-01 -1.4038678917066063E+00 -1.4065466597406656E-02
  1.4364778324183061E-01  2.4972184183031496E+00 -8.8479966850757807E-01 -1.1676797521697393E-02  1.2391530069998296E+00  8.9693019442852728E-01
 -2.2938076886814177E-01  3.5921090902652147E-01 -3.2008226944251539E-02 -6.4049451096464782E-01 -5.6949504677961549E-01  4.3209422178711882E-01
 -2.5805883276683883E-01 -1.1025666680005934E+00  4.0298455764653501E-01 -1.1955335420914140E-01  1.9865012115474618E+00 -3.7449807760956952E+00
  2.9662559163426327E-01  2.9915404259539491E+00  3.3287564240896528E-01  3.0377188093716029E-01 -1.9968164129647367E-01 -1.1640482046552867E+00
  5.6005563800223834E-01 -2.1382586907667616E+00 -1.6248172723611787E+00  1.6324895475191104E+00 -2.2656668705987322E+00  1.1471680208963375E+00
 -1.3834770249755088E+00 -9.6085196169687193E-01 -5.0010042591439952E-01  7.4779105292431813E-01  3.3742350030765228E-02 -2.9469397791440954E-01
 -1.6080732018584978E-01  6.3917874046658629E-01  7.4238685230391122E-01 -3.3911672093850803E-01 -4.3342839166384244E-03  6.7468633508612386E-01
 -7.3121641038116725E-01  1.2667743708730303E-01 -3.2044333140018055E-01  6.0108059631203725E-01  7.8767695180633968E-01  1.6305337274243568E+00
 -1.1166020079591916E+00  1.8414345483328973E-01  8.0552706156655884E-01 -3.2700101611771148E-01 -9.9253414070026114E-01  1.6138243279755365E-01
  2.6127959567848283E-04  3.7507935122216074E-01  2.5568811288481297E-01  4.4162998560058470E-01 -2.9711251293338503E-01  9.4137579777190106E-01
 -4.5949141331737714E-01 -7.2429881151174558E-01  3.3762105842410288E-02 -5.4700507576342661E-01  4.4347858416220638E-02  1.8651889258803254E-02
 -3.9037637642872730E-01  1.2289047238735619E-02  1.2460756165344161E-01 -4.5730963286747878E-01  8.1996938801189634E-02 -2.8634475571793525E-02
 -2.2074777461224797E+00 -2.3451591538892824E+00  1.7221851855757069E+00  1.5570428362899788E-01  3.1462225331334048E-01 -7.4363654014639263E-02
  8.0095740941670945E-01  2.1770399826834391E-01  7.2631902588514471E-02 -9.6325640804394166E-02 -1.2975466998954732E-01 -3.7310605668975462E-02
 -8.4228372086357056E-02 -1.4049516277963476E+00  2.5271438019194221E+01 -2.6884847651978658E+00 -7.6355500363397955E+00 -9.8650732927906337E-01
 -4.1919095195798430E+00
ORDER     4 BLOCK     3
  7.4767554334474273E-01  1.4919308182152607E+01  2.9155328234586064E-01  1.0933339324010967E+00  6.4567920282140179E+00 -9.5198636804770842E-01
 -9.7459055239913173E-01 -2.2956205467988267E+00 -4.1850716095296399E+00  1.7774406382965109E+00  7.2507457194486955E+00 -7.5560272363462455E-01
 -1.6436575108401439E+00 -5.6543528837165749E+00  3.5996971672556657E+00 -9.4118489780661962E-01 -2.7729024086133012E+00 -2.4112009796252907E+00
 -4.1652190372750448E+00  1.0759901741626525E+00  9.0556074947798333E+00  3.3484942504388875E+00 -2.1867376752513548E+00 -7.2547171720197081E+00
 -8.1187330583811634E-01  5.8363719882554255E-01 -1.8194905810507944E+00 -1.9705617527409856E+00  1.8172372310649345E+00 -2.1066652149721832E+00
  1.6057315803043377E+00 -1.2368134344240711E+00  1.5440691725877400E+00 -5.3124719065755957E-02 -1.4896343993710142E+00  7.1352859998803164E-01
 -3.0968963515717374E-01  1.2061753663518700E-01 -4.6507485319602706E+00  3.3983445444991980E+00  6.4931830991590067E-01 -3.9683161720458598E-01
 -8.4668901833703500E-02  3.4174506252868264E+00  4.7204895497929416E+00  1.1608578032841623E+00 -2.0422348427775043E+00 -6.1311423129698515E+00
 -1.0319655325135990E+00  1.8470114824313605E-01  1.1723373254048526E+00 -2.2372330620377570E+00 -2.8170826330718074E-02  9.1414601456155063E-03
  3.1428049730340951E-01 -8.8593903299432064E-01 -2.4009558883696420E+00  8.4067282156026613E-01  5.2972358472242114E+00  4.4170020389562142E-01
 -4.5928378227536601E+00 -2.0762169154146930E+00 -7.8628869978319171E-01  2.3921550776915895E-01  1.1404605799956571E+00 -4.1607297825242484E-01
  7.9845024872491721E-01  1.5597705566002626E+00 -9.1730483196250795E-02  3.2935105473662301E+00 -1.2433189547145190E+01  8.8756266799947725E-01
  6.8306733322216406E-01  1.8231805152353238E+00 -2.0918392200998133E+00 -1.8737654274321769E+00 -2.9821695231750489E+00  6.1568060240244318E+00
  1.4570055725985782E+01  1.8407258836474425E+00 -3.7961672702350451E+00  2.3212138549304804E+00  4.2054883283877471E+00 -2.5280497650118496E+00
 -2.1331325509919981E+00 -8.1372697275848989E+00  8.0423342157088218E-01 -1.1994838739462603E+01  2.8170264851751012E+00 -1.7729180488935171E+01
  4.8264579645298271E+00 -2.0922482741233295E+00  1.3679323510354337E+01  1.0235272159828177E+00  6.1733392536787957E+00 -3.7196031250274375E+00
  1.1126059619926846E+01 -4.1284895234185557E+00  3.1709797210222379E+00 -9.7369823336490331E+00 -1.1258772648418984E+00 -7.1205411816028685E-02
  5.4236374636117490E-01  5.1761525310724528E+00  2.2794494343786518E+00  4.1364324725764223E-01 -5.5345633722363869E+00  1.8848626594644913E+00
  4.5312527180374251E-01 -1.3995276586237839E+00 -1.6276861144810311E+00  2.0842602404663442E+00 -4.1827188689410226E+00  4.8184060035163023E+00
 -1.2338741033800305E+00  4.1526836355854142E+00 -3.8546964481126436E+00  9.9175242284930853E-01 -4.7589479456854911E-01  5.2201075985991352E-01
  6.2221620833120517E-01 -1.5824599121044145E+00 -2.2980797047239738E+00 -2.3417963646300772E+00  7.0732563665303594E-01  1.5702598867167070E+00
  1.8835493585008130E+00 -3.1099010687343243E-01  4.3887791449256025E-01  1.2278781824723941E+00  1.3945879326114158E-01 -7.9475238476339069E-02
  2.9586628363696401E+00 -3.2809521287247669E+00  3.0023685894571863E+00 -1.7965215311203824E+00  2.1750143306888492E+00 -2.8773897423635315E+00
  3.8507833904949168E-01 -4.0566777533334802E-01 -1.5759905722502050E+00 -1.0326019259099110E-01  2.8358490662686436E-01 -1.1394117371808656E+00
  4.3272458709356054E-01  2.2398072380896972E+00 -7.7344675885903671E+00  1.1273047765150965E+00 -2.4589919423086248E-01  5.8509677164772329E+00
 -2.5632760446311762E+00 -5.5994880935805369E-01  1.8623337672370970E+00 -9.6041616507312311E-01 -8.1202710001541070E-02 -4.0352810477340600E-01
  1.1759641474999254E+00 -7.8768253883501007E+00  6.9587113375522058E+00 -1.2171087706307926E+00  5.5684334314648405E+00 -2.7141615635543994E+00
  9.9045719090190176E-01  2.2524713558333307E+00  2.1250733662998633E+00 -3.5805671668440984E+00  1.0227773914299401E+00  9.4932397310830008E-01
  7.7118905627085255E-01  4.4617715443543321E-01 -1.5303812812413875E+00 -1.0025021550763173E+00  4.5323002819930887E+00 -1.2403170825616410E+00
  1.1204860100492371E+00 -4.0944500038071920E+00  8.3437457587257713E-01  2.5423582118291148E+00 -1.0544489103042444E-01  3.0898202075119791E-01
 -5.2412991499261663E-01 -6.9807938649279244E-01 -8.7690073071105368E-01  1.5291003648730308E+00 -1.1289553492366058E+00 -1.9745201001245472E-01
 -2.6870699891304120E+00 -9.1228116266559205E+00  3.7863923651226039E+00  1.7914777192402036E+00 -1.8101578107116685E+00  8.7453560291477805E-01
  4.5783707148598243E+00  3.2716059406808422E+00  5.7835099420835192E+00 -6.1476874278142457E-01 -5.8658366783119553E-01  1.2595679922633845E+00
 -6.5855982846388068E+00 -5.2678205651277663E+00 -3.9081927212012793E+00 -8.9020433524376341E-01 -2.8523234945258338E+00 -2.6970838908833592E+00
 -5.3201257441812961E+00 -1.9919211259705076E+01 -7.0499960169292901E+00  4.1497466206317055E+00  1.4656231880801581E+01 -2.5052085705347076E+00
 -4.2116164346920897E+00 -2.7039063713661702E+00  1.2744459245331445E+01  7.0897135043613968E-01  7.7403767977572402E+00  2.8476497905840352E+00
 -8.8620270796171041E-01 -6.0714173703678602E+00 -1.8722637587610722E+00 -1.1892230283881566E+00  1.3759642575666600E-01 -5.3665706106292255E-01
  5.5479469720117236E-01 -3.0644516041736647E-01  1.7192322596291409E+00 -1.5623374028782757E+00 -4.3993868997350178E+00  1.1275465686421539E-01
 -6.6027852804992293E-01  1.5597234947360776E+00 -2.2838477840493523E+00  4.5073158947014456E+00 -9.7420253328024925E-02  6.1128088315385698E+00
 -4.8977606801584117E-01 -2.5242048421518621E+00  4.4250684653748795E+00  6.1161782225632679E+00 -6.5432662143310849E-01 -2.5844316557385976E+00
 -1.6184779770909306E+00 -5.5256787009216171E-02  4.6078854806795970E+00  2.8108614869012318E+00 -3.2530856626554003E+00 -7.5793790664411831E-01
  9.0848425653139020E-01 -1.3533138083101283E+01  5.3894296315878532E-01 -5.0295775817719601E-01 -8.3362986545020543E-02 -6.5240973789981879E-02
  9.6191977382489693E+00  4.4166797885879934E+00 -5.4639563601570895E+00 -2.5166291503803278E+00  1.3209431346306788E+01 -1.1274678220327188E+00
  5.7565825559110151E-01  3.2597381262412073E+00  4.4747737368394800E+00  6.5355641728556879E+00  2.0787591798782818E+00 -2.1659745143212454E+00
 -3.6029753650174929E+00 -1.3439843249573522E+00 -4.7362045182215268E-01  7.2208789231049257E+00  4.6339893800932075E-01  2.8324474591176685E+00
 -6.2078114287085406E-01  2.2982183939189954E-01 -1.8926516233852497E+00 -8.4316826449347981E-01 -1.1147160790745212E+00 -2.3837707257776914E+00
  2.0809993604505030E+00  1.7851565585539813E+01  3.3944009395705588E+00 -7.0635516486763192E+00 -9.2701364538354591E-01  2.6055640193292913E+00
  4.7192984615199357E-01 -1.6116996426809562E+00  1.5666669867125469E+00  7.1146457855061094E+00 -3.0870590780636995E+00  8.9130069618771604E+00
  2.0794738529458850E-01 -4.8380296244847640E+00  4.2217409271019396E-01 -6.8906785495710832E+00  2.1663390460567622E+00  1.6284771403916842E+00
  2.6766125636489357E-01  6.5952138877367981E+00  5.7149659591340884E-01  9.9425202074991841E+00 -2.5004806075448531E+00 -2.0070717609122424E+00
 -3.4527488330857641E+00  2.9960068258680659E+00 -2.0583007305553651E+00 -1.1591709428687462E+00  6.8244109430626643E-01 -5.9719507241447767E+00
  2.7460389568673711E+00 -2.0679556315831360E+00  4.0884137478840561E+00  2.8439755636119539E+00 -3.0358714119903678E+00 -2.2264276554544766E+00
 -1.5054890519522437E+00 -3.7843148725250986E+00  3.8924668599477563E+00 -1.5465939035772208E-01  4.3469154958523337E-01 -1.6297335676263189E+00
  6.4819672537699113E-01 -6.4383103077625836E-01  8.2266712641856348E+00 -1.2167229922767435E+00  9.2693925163463398E-01 -6.3052788811814233E+00
  3.9269162322518991E-01  1.7729919983267013E+00 -1.9417347699659884E-01  4.6500796786657039E-01 -2.7713360592691214E+00  1.4836961586905473E+00
  6.3783336690757059E-02  9.3931116513915336E-02 -2.1490561566226805E+00 -7.0660863108821459E-01 -4.4846681831872925E-01  1.6511339874828321E+00
 -3.3431889840976630E+00  5.3824722517330958E-01 -1.5276561640011819E+00  1.0118648148940720E+01 -6.5706766798508809E-01  2.9683640868881711E+00
 -8.6244633739860497E+00 -9.1769975303640305E-01 -2.3183759270010338E+00  6.5118959632812834E-01  6.8080835559933686E+00  1.3045940398316889E+00
  6.4736061352808871E-01 -2.0469852744547574E+00  1.5317445051672780E+00 -2.1176023948343716E+00 -5.4751592268797422E-01 -2.5995792473326923E-01
 -4.7399444830746971E+00 -7.5765876466065087E+00  1.0575091295884581E+01  2.9093856788500583E+00  7.9038174203735219E+00 -9.2107547331511093E+00
 -2.5202044241047377E+00 -1.0079795321337901E+00 -6.9026564635834209E-01  1.5263038500561228E+00 -1.0764591671630885E+00  5.1954961426718227E-01
  3.0080017514542828E-01  1.4821026599641978E+00 -5.6122447644550704E+00  6.5468905305143688E+00 -4.4648513022107892E+00 -3.9658172156716782E+00
  2.2154533677268264E+00  1.1460543206332816E+00  1.2743730937619313E+00 -1.4572402923088770E+00  9.6886222191445090E-03  1.9752520312680217E+00
  5.6426770187317237E+00  1.0464851441949039E+01  1.1003076510177701E+01 -2.3663591389271388E+00 -3.2958801016507526E+00 -4.2877127631855716E+00
 -8.1121878027371626E+00  7.0297935701008107E+00  9.6324134621566893E-01 -6.2897173238374371E-01 -8.9874626004458169E-01  4.2207027443050222E+00
 -3.7928041462222728E+00 -2.0418009841333262E-01 -1.4522730139527165E-02  5.2376865274015341E+00 -1.8083890134719240E+00 -2.0286833008578828E-01
  1.8020361796097550E+00  7.9556846401021071E+00 -1.1778648519313228E+00  3.3301646532941551E+00  6.3119096623451272E+00 -6.5208128720109648E-01
 -3.0165234606894814E-01 -7.4944616133387640E+00  1.8278281201222011E+00  1.5371790911357253E+00  7.2891166429132959E-01  3.2898846596015123E+00
 -4.9408750400040979E+00 -3.1162891487391629E+00  5.6616201752315964E-01  4.2879530431216439E+00  1.9757838243239148E+00  1.7706652237659144E+00
 -7.5063753020271715E+00  2.3381331387400199E+00  3.2514121453266913E+00  6.7262080830616278E-01 -1.1499237738154666E+00 -6.9799620046674682E-01
  5.7817837854650955E+00  2.6819780867132423E+00  2.4152945429492467E+00 -4.9262088579942045E+00 -1.8325659381822474E+00 -1.5814029607760394E+00
  6.3020917008468169E+00  4.4093691524616023E+00 -5.1359292144503979E-02 -2.6870571466363158E+00 -3.8544696503211564E+00  2.9555609216759936E-02
 -7.7663424848331806E+00 -2.5291004812932751E+00  1.2588428860205227E+00  1.5693043225043335E+00  1.2940799108182495E+00 -2.8847535599974830E+00
  8.4722088062891707E-02  5.3542033579577888E-02  4.9093923667075345E-01 -2.1771697653682454E+00  5.5709847069669847E+00 -6.9274844979056098E+00
  2.8366547826635524E+00 -3.0500825759642991E+00 -7.7641541063513966E-02 -7.8255601883432491E-01 -3.0178845094935114E-01  7.9387596567684215E-01
 -1.5403375673886153E+00  1.7829391258322183E+00 -1.8268160045977628E+00  1.4940711447074007E+00 -1.2750595609280126E+00 -3.2828525792769275E-01
 -2.2060564606058983E-01  1.9987436930445954E-01  2.3739445902491257E-01  6.2228809136532757E+00  1.4550367326920859E+00  8.3204543060018565E-01
 -9.1021834938190196E+00 -1.2964254610897230E+00 -1.5980123022969468E+00  1.5645314700688712E-01 -1.7800147052417242E-01  2.2789059821132707E-01
  7.5195525676562874E-02 -4.0134781517466817E-01 -2.3946652549555147E+00 -2.9952494452515516E-01 -7.3262836594654018E-02  2.8313654074130135E+00
  5.5147324831803113E-01  1.1116060838936799E-01  4.3753041331045676E-02  2.1598323814119016E-01 -3.1846224793772410E-01 -9.5066772290333446E-02
  1.0994340520395933E-01 -5.4223880518451700E-02 -4.8418917699329826E+00 -2.2921423685854685E+00  6.1620648899319908E-01 -6.2588438783121170E-01
  1.4609698988957533E+00 -1.4955417533549471E+00  1.1975319382917824E+00  2.5915442963419788E+00  1.2420136625583011E+00  5.9269378996613364E-01
  1.1495479946998932E-01  4.2999104131253263E-01 -3.0919136376326201E-01 -1.1973694765903899E+00  3.1715873734655684E+00  2.3221228969448284E+00
  5.3173314733465427E+00 -2.8411248841547629E+00 -2.2039836789606340E+00  3.6918314833493697E-03 -4.3761371896355061E-01  1.0547248041851973E+00
  2.9291112060940439E-01 -9.3688876230146889E-01  3.5706114886556012E-01 -1.0172560075542607E+00 -6.2572495486615953E-01  3.4678870023715427E+00
  5.1851475290951621E+00  2.2622425071329526E+00 -8.4594601711235171E+00 -3.9620593965284168E+00 -3.2558893468541155E+00 -1.4608492351679250E+00
 -3.5145290106510502E-01  9.4885079755008365E-03  1.9421751946803043E-01 -5.4468757346064478E-01  2.0484584968495259E-01  1.3510743012785249E+00
 -1.3915646660558108E+00 -2.4423268346185559E-01  1.5178395598299548E+00 -1.7612933400912176E+00 -2.0916423214822516E-01  9.4973451492233418E-01
  2.5827597062791958E+00  1.7109957657019719E+00  5.4076700404454303E-01  1.6653144693745014E+00 -5.4978255120699329E+00 -2.5052664570175014E+00
 -3.2365455078186907E+00  4.9586580034226309E+00 -4.3992025493676490E-01 -2.7122372383550162E+00 -1.6186757711748339E+00 -3.7159485260601222E+00
  1.0650088208553894E+01 -6.5239454289491394E-01  3.2644097676899251E+00  8.0388393826378945E-01  2.4592818800877925E-02 -9.1518615039930074E-01
  2.7912280170647197E+00  3.5677622839627605E+00 -1.3894106348635615E+00 -3.3098311114003694E-02 -6.1580857784719878E-01  5.4173105285047907E-01
 -2.1095805719832109E-01 -6.2606812494569553E-01  1.1243801174559628E-01  1.4752628128448169E+00  6.3264779637870827E-01  1.5424637387439393E+00
 -4.8130039807735248E+00 -8.8089428995158392E-01 -1.1129600613056021E+00  4.1875093513036621E-01 -3.1243481234001869E-01 -1.2590616126384138E-01
 -3.1059793091680082E-01  2.6473871601913518E-01 -5.2606878572719973E-01 -7.2577732746501700E-01  1.6085188126447565E+00 -3.3859420523768663E-01
 -1.9810349790791026E-01 -1.6258260873477064E+00 -1.5273640924412040E+00  2.6424864824369854E+00 -2.7889916885039194E+00 -1.3059534291217121E+00
 -3.0873954081626915E+00 -1.7438489637487067E+00  2.4598852077912330E+00  2.1543797249055845E+00  1.7568905707951248E+00 -9.9816149448717451E-01
  2.2077997014882358E-01  3.7909129712552930E-01  1.5431441013635683E-01 -4.3917215981647706E-01 -5.2247097715504720E-01  3.2343428865346574E-01
  9.8689078680492082E-01  6.1074886839010389E-01  1.9821620850021791E+00 -1.0231733541705086E+01 -9.4674818776473477E-02  1.1981276238276319E-01
 -6.4727884745715936E-01 -3.6182795339181899E+00  2.9777462096813450E+00  6.8856460628842386E+00 -1.7269839232542634E+00 -6.4845490708219222E-01
  2.6593341337881067E+00 -1.9331796207945404E+00  1.2306408076522211E+00  1.7335653554903017E+00  9.6800061377272470E-02  3.8990687251926395E+00
 -9.5810729435353892E-01 -3.9480807658354693E+00 -4.3526484589383747E+00 -9.7109174485073640E-02  3.8097454440992018E+00 -4.4828956879149606E+00
 -1.7132997079187586E+00  6.4497289483214164E+00  3.8830227530597095E-01 -1.7532217236563488E+00 -7.7163285885466522E+00  2.3547402762073157E+00
  3.0410732944973207E+00  1.5928846204386817E+00 -3.8686649500704080E+00  1.2514502083132497E+00 -7.9744840509694173E-02  4.7826793096125453E+00
 -4.9393397673435863E-01  4.4099693315977884E-01 -6.7549673288784780E+00  3.1607545466823539E+00  1.5451217108193520E+00 -4.9611484103065457E+00
 -3.4796376291741020E+00  6.1032468015998009E-01  8.5048566748976562E-01  8.8372306337594286E-01  1.4406822416434883E-01  1.0143993413037418E+01
  9.7265245113736376E-01  9.3427235631267502E-01 -1.8460267022227810E+00 -8.3208279075912284E-01 -2.7074946024738411E-01  2.9610929210603071E-01
  3.4941092291875782E-03 -6.9967698933592970E-01  8.0839206251763135E-02 -2.9048136499681876E+00 -9.5627074358790742E-01 -3.4428538931866259E+00
 -3.0292586240673751E+00  6.8091084247729883E-01  1.9209877838363916E+00 -6.4277933376352947E-01  6.1235684568051874E-01  1.4954023350086811E+00
 -1.4016463422548670E-01  1.0658110329786834E-03  3.1836788494514154E+00  1.9507901831030459E+00  2.1358968834839902E+00  4.8299279827106583E+00
 -1.5083745366776111E+00 -6.5852628599979135E-01  2.6756563393650422E-02 -2.7198960359434804E-01 -1.5271224315756706E+00  2.2731393721927529E-01
  4.6609138570462540E-02  2.5867208248201490E-01 -5.6527748952323629E+00  6.2797025789474148E-01 -6.6483647286098979E-01 -1.6215030756433251E+00
 -2.0531772655468097E+00 -1.6385058959784971E-01  4.5769530601539561E+00 -1.7403350471363557E+00  3.3737150554225273E+00 -3.7705437106930182E+00
  2.8794740335882327E+00 -2.8526169906925842E+00  4.5332516297280995E-02 -7.5070737727855166E+00 -1.9753075398994271E+00 -7.1246911674233659E-01
 -5.4958537335279445E+00  1.2009783810592851E+00  6.4531131117747631E-01 -5.0804488466183362E-01  2.0855736104516449E+00 -1.7724650253401710E+00
  3.3176047940778865E-02  2.8969553995116010E-01 -1.2769908290736656E-01  5.0517303974905126E+00  1.0150273354161601E+00 -6.0819494927210738E-01
 -2.2759285194296703E+00 -2.9508292991306764E+00  2.8693801940079000E+00  1.7776576415125329E+00  1.6884982319305282E+00 -5.1781887359423546E+00
  8.5849898005282232E-01  7.1257900444070399E-01  8.4749707293419893E-02  9.1268368342855921E-01 -1.7181734850735952E-01 -4.4699855194107885E-01
  4.5934259846509540E-01  1.6765638464025623E+00  8.8308944438233206E-01  4.2803307645818656E+00 -7.6680975784526142E+00  2.0140531784332567E+00
 -2.1235813427301320E+00  6.9661235059672597E+00 -9.5009772214305710E-01  1.3162987440061447E-01 -1.1338951053304425E+00  4.5176979927109778E-01
 -1.7870799442561605E-01 -9.2713487395723237E-01  2.3605943582459394E+00 -2.7504299357356072E+00  4.9143376507827394E+00 -1.9077280535727899E+00
  2.4846390758182277E+00  6.4855271532247988E-02 -1.1130519869940184E-01 -7.1062356533459237E-01  4.0836751105996055E-01  1.3663951267513757E-02
  8.8308143405485831E-02  3.6344745900043279E-01 -1.0867882931221838E-01 -8.4926050386291174E-01  3.1282497027804479E-01  1.3539398528197584E+00
 -1.2536263869764159E+00  8.7836011936004010E-01  5.1927659717519585E+00 -1.0032430961867997E+01 -2.7913589747150032E+00  3.5239435341875605E+00
  7.9199879249133929E+00  8.4439981258408581E-01  4.7815986390175365E+00 -1.2586287236438165E+00  1.2320093502089233E+00  5.0800309250072917E-01
 -4.5531061025292663E-01  5.4481283805266623E-01 -1.3203257567708333E+00  2.1001476539411521E+00 -6.2719778312059626E-01  7.6511750907169631E+00
 -1.3927723893826515E+01  1.9793156619771319E+00  6.5710850262453731E+00  7.9092192973956905E+00 -1.6045528662842774E+00 -6.7799536409793468E+00
  6.7656193758038476E+00  1.3493750226996031E+00 -1.0439225672491326E+00 -1.6191522824536533E+00  8.2192198122883275E-01 -4.7292857164006392E+00
  5.1474124651390643E+00 -1.3017242918230114E+00 -5.9559484192969947E+00 -1.7923127860275412E+00 -1.0841058164922672E+00 -1.2588851606027438E+01
 -1.1295653805251447E+00 -2.5969807319256453E+00 -1.2395172421293010E+00  5.8293799349045572E-01  1.0855726942179686E+00 -2.9839787865952299E+00
  4.7350256713813887E-01  1.3108840427050947E+00 -9.0658487249941000E-01 -1.9601082123622156E+00  8.5402859055451663E-01 -1.7662679981992819E+00
  3.0995522212560740E+00 -1.6289544158706648E+00  1.0494122859559696E+00 -2.8372099650133342E+00  4.9417726478329174E+00  1.7419857640581431E+00
  8.2186941528121393E-01  3.1497470285452880E+00  6.2233691246087908E+00  1.1301501346056302E+01 -1.6316799472122601E-01 -6.8403758499669802E+00
 -6.6505862461919483E+00 -8.6914729066706862E+00  3.6779817098517914E-01  3.3832750703355590E+00  4.0655469450982435E+00  1.7332826689522152E+00
 -3.8149082081804866E+00 -1.4434236966542253E+00  9.2489628683625780E-01 -7.0639237781070703E+00 -1.0574385278991061E+01 -3.7576295529602177E-01
  1.8357743583240591E+00  2.6281231011015127E-01 -2.2143348514229289E-01 -1.3161815866023643E+00  8.8448352002354202E-01  9.5100603155891139E-01
  3.3010089696376220E-02  1.1147933036281630E+00 -1.2261007958041099E+00 -1.7844170437547946E+00  2.0593475061265240E-01  8.6612390094366321E-01
  1.3314286052991462E+00 -4.8801603223536821E-01 -5.8485472878350697E-01  2.0433631018745316E-01 -9.5345157420778814E-02  4.3939353381143648E-01
 -2.8109521209309890E-01 -2.5432221127587429E+00 -2.8042634708607812E+00 -2.1093948545182419E+00  1.6326531795901664E-01  1.6187824840290848E+00
  4.4597265224224536E+00 -1.2708724515477192E+00  2.3874665562660535E+00 -9.2808718524820000E-01  5.0142659223523385E+00 -2.1256352575004502E+00
  4.6277617481195765E+00 -3.2287173763279537E+00  1.3257608248957169E+00  8.8727673820023709E-02 -7.3171518681337211E-01 -1.2025911837189764E+00
 -2.7707819223706659E-01  3.7169396429435236E-01  9.7559407321840319E-02 -4.8114137974008031E-01 -1.5877647040959253E+00  8.2685350364412780E-01
  1.0655940099711834E+00  3.0432096914889759E+00 -1.0426413390345146E-01  3.9857780957654843E+00 -2.0094105230290316E+00  2.8493533244133579E-01
  1.8352483925607244E-01  1.6248931893255716E+00 -2.9541089577690398E+00 -1.8718973539526207E+00  8.7490924056462371E-01  5.4380126330907608E-01
 -2.4773430715810778E+00  3.5763774581010011E-01 -3.7455243813158223E-01  1.2513860463220354E+00  2.5230303329372528E+00 -1.3874681540508227E+00
  1.1400954402764667E+00 -2.8376589193298990E-01 -1.9152675955206333E+00  1.0497811951523952E+00 -1.3153885785577337E+00  2.1948765269953028E+00
  3.1604787668493555E+00  7.9707215270801539E+00  8.4413560403273830E-02  2.6828886651839290E+00 -6.4627066693650708E+00 -4.3158100384341991E-01
 -5.6377428041678534E+00 -4.1382571742112972E+00  3.5800686025579442E+00  1.6920512573071128E-01  7.8660657768431008E-01 -9.5752880850529842E-01
 -2.0608218051762526E+00 -2.0108174191687942E+00  2.2879046486013094E-02  1.3955714491571822E+00  3.7154214093583309E+00 -1.7548806602709281E+00
  1.9952831808601221E+00 -2.1081591534130930E+00 -2.9504639009016054E+00  3.6485335288037866E+00 -9.7840980098430830E-01 -7.5445519606428102E-01
  6.4940804940206371E+00  5.1443388355941337E+00 -2.5217241123809087E-01  3.1384310261015789E+00  3.1186212858474351E+00 -4.5747771105404258E+00
 -1.2424103916156017E+00 -8.1942545087828944E-01  1.1839709085340027E+00  5.1594064494211578E-01  3.6357713849085731E+00 -9.6386022966697260E-01
  6.2784024855438059E+00  9.1466595641963133E-01  4.2736443835303177E+00  1.8844427122570254E-01  3.5991979431653318E+00 -2.9781822895327799E+00
 -7.3572277735600347E+00  3.6973202708926531E+00  3.4473089403248265E+00  3.9030725159071320E+00  4.8184367991755678E-01 -2.4538517139860563E+00
  1.7748887463770973E+00  3.7572841143172314E-01  1.0235550142391028E+00 -2.4810645050462155E+00  9.3645039760758586E-01  9.0081586258176893E-01
  1.7635671854433319E+00 -1.3321200251608138E+00  2.3260565434254841E+00  2.1528949276286591E+00 -1.0850259674848105E-02  2.1299945365905648E-01
  7.3555352324366630E-01 -5.6133003053702890E-01  6.6699828867801153E-02  4.3322606288455474E-02  5.1921792126564592E-01 -5.8114138618170530E-01
  1.9988937606927657E+00  3.5324466559596579E-01  7.6847389487060369E-01 -1.9018454886720946E+00 -4.2922581277408112E-01  1.2029288673214519E-01
 -7.5573018079620136E-01  1.1323512788083913E-01 -1.0119519522763260E-01  6.9717299795534163E-02  7.6861437296074520E-01 -3.1213158443933580E+00
  1.1817653901448801E+00 -2.4052682448482896E+00  9.3527149955715677E-03 -1.3679715552088825E+00 -2.4795015845501306E-01 -1.8477614792317743E+00
  3.0836827144959797E+00 -1.7358371531384489E+00 -3.0274216605898028E+00  3.0077433787361354E+00  1.8613106849442052E+00  2.4572297732750501E+00
  2.7344835808068874E-01 -7.2424605377776130E-01  4.5763818287442032E-01 -1.3046228806129467E-01 -6.7623675081280255E-02 -4.5142620352106633E-01
 -2.6112303270947046E+00  1.6771071390668221E-01  7.2473061646996317E-01 -7.5822688483804812E-01  1.6090285859776563E+00  1.2792460635063081E+00
 -8.6416160527762476E-01 -1.5900592796315238E+00 -3.8497065009266485E-01 -3.9874188952481439E-02 -1.3681911260301280E-02 -1.3964352714478321E+00
 -2.5856747548599712E-01 -1.2458382385414909E-01  1.5714270513048559E-01  3.3608765858885288E-02 -3.9975258983783096E-01 -6.0125433426975461E-01
  5.3383274982564968E-02  4.4481995168182706E+00 -5.9873080408339452E-01 -3.7248876103708413E+00  1.7402849243384415E+00 -5.1171866971766666E-01
  1.3839991788649222E+00  1.1918313376724479E-01  1.2112145198512823E-01  4.5872650605386572E-01  4.5759556536004853E+00 -3.1922891766641481E-01
  1.8030601297406959E-01 -2.3626000305832977E+00 -2.7371294050116148E-02 -2.5511621703522427E+00 -1.6982648289778448E+00 -4.5118385135736827E-01
  2.7123298203940926E-01  6.7608559947437885E-01 -1.2691634750695285E-01  9.9497342982133630E-01 -5.8737292510399330E-01  1.0289633966255660E+00
  1.0918333068071209E+00  3.5485621915277199E-01  9.6589212519382994E-01  5.5528305681273586E+00  1.4420328692157218E+00 -3.2680865091434563E-01
 -3.9074059383775039E+00  5.5253728322455786E-01  2.8687339664537728E+00 -5.9633427833010022E-01 -2.0051891883556280E-01 -6.7974617374306290E-01
  3.1717826101681779E-01  9.7008258820507387E-01 -5.7244669351896782E-01 -1.5491090622551271E+00  7.3200257276119174E-02  1.7820556429876757E+00
 -2.1377834033885641E+00 -1.3067739160692355E+00 -3.5811101130403111E+00 -3.1744437382047268E+00 -2.7398366634271891E+00  7.6589217439952195E-01
  7.8370077186125791E+00  2.0893709456413569E+00  6.1385948163811266E+00  2.5464844249965846E+00 -3.1705583476407089E+00 -3.6122929201669756E+00
  2.6802722916687491E+00  2.8435524046977418E+00 -3.4108197088961387E+00  3.3817473971474907E+00  2.4043688673634764E+00 -2.1070620638021365E-01
 -9.3270000883992612E+00 -3.9639211891490951E+00  3.0123518542183447E+00  7.7167215045350686E+00  6.1071155145836764E+00 -2.6039402450928431E+00
  1.4618133948583117E-01 -2.6631752872242137E-01 -3.4725217566529654E-01  4.9854360894252003E-01 -7.9565250345637439E-01 -3.1594389064244371E-01
 -2.7139849811447494E+00  4.0351919536546870E+00  5.1081237193826054E-02 -3.7564757553004362E-02  3.3377007753234200E-01 -5.6627374417932690E-02
 -2.8889427260282086E-01  6.9125918116272791E-02 -1.2798885003859446E+00 -2.0010664374299969E+00  4.1440546208353890E-01 -1.1909086176723016E-01
 -7.9742215646612088E-02 -2.0773188571443026E+00  1.0244056537808135E+00  4.4532958223722807E-01  1.9852668864456737E+00 -3.1902147334006392E-01
 -1.3753904233431764E+00 -2.6280676008005002E+00  1.6346328604971703E+00 -1.8798527260530365E-01  8.2426280421976272E-01 -1.0675444358527919E+00
  1.6378902074624448E+00  1.9350636895523525E+00 -9.7468991087579160E-01  1.6783340859754414E-01  2.1251572399215912E+00  4.4859276329884565E+00
 -3.0731605150070771E+00  3.3155301233972284E-01  1.9621837918142107E-02 -6.1026738090501562E-02 -2.2184957581431441E+00  1.7717281502687202E-01
  1.8942484485091677E+00  2.4981215647172319E+00 -1.0214207241462083E+00 -1.9104360875149120E+00 -4.6891441521290844E-01 -3.8632834300414276E-01
 -4.2493008939044286E-01  3.6507858960049616E-01 -5.2016934378805413E-01 -2.4820770985107883E+00 -4.7823241182770976E-01  2.4561417652928421E+00
  8.5631990549152670E-01 -5.8773753477394148E+00 -1.4716480047156402E+00  3.7896977288396069E-02 -1.0435529182751965E-01  1.2932754490449261E-01
 -1.4070275296860596E-01  1.5605507338617655E-01 -1.2680056800538500E-01  1.3191408641555813E+00  1.7560286720102767E+00 -2.8291286107309566E-01
 -4.5936287240094824E+00 -3.3740555856998922E-01 -3.9101522759026319E+00 -1.1904672385382851E-01  1.0524918227368127E+00  1.3017629275159028E+00
  2.2049874206574852E-01  3.3078051084366025E+00 -1.2968954768520771E-01 -1.4751584022593711E+00 -4.6951055861136143E-01  2.0635973651543251E+00
  2.4415949373855401E+00 -2.4891075834123172E-01 -6.9932692357925408E+00  1.2665552804075324E+00  8.0493033832544092E-01  5.4951779527726163E+00
 -7.1521449170926388E-01 -4.4876992272548479E+00  8.2193077771453982E-01 -4.1537447504458577E-02 -2.0378288112421528E-01  2.7205825289528313E-01
 -2.2017822652457903E+00 -3.4375888154047372E-02  1.0749400852449928E+00  1.0535428573088919E+00  2.7771285151290788E+00 -6.6673009425675678E-01
 -1.6519510754392535E+00  4.6377788160089967E-01 -4.2345388535194756E-01 -1.3084739119536555E+00 -1.3562794809398613E+00 -2.8597733592089294E+00
 -3.6787605586149836E+00  4.8910270296860796E+00  3.1547211220692186E+00  1.0985886346571824E+01  8.5350726669199073E+00 -7.2725746259934976E-01
 -8.6058716304574041E+00 -1.7296938747813758E+01 -6.8428739649289145E+00  4.8236650333341986E+00 -3.7586039833165725E+00 -9.8941497051790450E-01
  1.3062838984975238E+00 -1.9045194637831824E+00 -1.0448615999986946E-01 -4.4677307461399582E+00  4.6670331594506870E-01  2.5726222887940531E+00
 -1.3664728054933897E+00 -8.4785199606909973E+00 -1.3654614108591423E+00 -8.6304296274929215E-01 -9.3158552072654610E-01 -5.1184391825246385E+00
  2.8145890056034073E+00  4.1538140404995891E+00  8.4212563042584498E-01 -1.5850889443238763E+00 -2.3865744134648290E+00  4.5989682283685962E-01
  4.7168621828295940E+00  5.6970240876217848E-01 -9.6898386082050258E+00 -1.5613682348205472E+01  3.8094672164209422E+00  1.1131783746847324E+01
  8.5534297122121075E+00  1.1666853046276655E+01 -1.5061961401109223E+00  1.3528340366622577E-01  3.3870616455124392E+00  1.3701627037804829E+00
  2.5239648737222371E+00 -1.1894835778317187E+01 -7.7868535017332521E+00  1.0952041144233400E+00  2.0416669730831756E+00  2.2286041175610496E+00
 -2.2521637362915072E+00  4.5196430426484024E+00 -3.9396374475596003E+00  2.0838068923818517E-01 -1.0396126007482951E+00 -2.0430176711143364E+00
 -6.7776391622865073E-01  1.4220462249252352E-01 -3.7734867421977969E-01 -1.2102253634715747E+00 -2.5615845170615881E-01 -2.0281755581547958E+00
 -3.7813674189057430E+01
