     0.568816    -0.000000     0.000000    -0.304664     0.019094    -0.000000    -0.115540     0.090096
    -0.000000    -0.148612    -0.109191    -0.000000
    -0.000000     0.568816    -0.000000     0.019094    -0.074547     0.000000     0.090096    -0.263671
     0.000000    -0.109191    -0.230598    -0.000000
     0.000000    -0.000000     0.055859    -0.000000     0.000000    -0.018620    -0.000000     0.000000
    -0.018620    -0.000000    -0.000000    -0.018620
    -0.304664     0.019094    -0.000000     0.295442    -0.020858     0.000000     0.006138     0.003807
     0.000000     0.003083    -0.002043     0.000000
     0.019094    -0.074547     0.000000    -0.020858     0.044068    -0.000000     0.016366     0.013712
     0.000000    -0.014602     0.016767    -0.000000
    -0.000000     0.000000    -0.018620     0.000000    -0.000000     0.006207    -0.000000     0.000000
     0.006207    -0.000000    -0.000000     0.006207
    -0.115540     0.090096    -0.000000     0.006138     0.016366    -0.000000     0.088848    -0.098419
     0.000000     0.020554    -0.008043     0.000000
     0.090096    -0.263671     0.000000     0.003807     0.013712     0.000000    -0.098419     0.250662
    -0.000000     0.004516    -0.000704     0.000000
    -0.000000     0.000000    -0.018620     0.000000     0.000000     0.006207     0.000000    -0.000000
     0.006207     0.000000    -0.000000     0.006207
    -0.148612    -0.109191    -0.000000     0.003083    -0.014602    -0.000000     0.020554     0.004516
     0.000000     0.124975     0.119277     0.000000
    -0.109191    -0.230598    -0.000000    -0.002043     0.016767    -0.000000    -0.008043    -0.000704
    -0.000000     0.119277     0.214535     0.000000
    -0.000000    -0.000000    -0.018620     0.000000    -0.000000     0.006207     0.000000     0.000000
     0.006207     0.000000     0.000000     0.006207
