 4
 -188.8554918615  0.000000000000000E+000
N      0.03866676    -0.07309364    -0.06133285    1
H     -0.55593307     1.79083854     0.00000000    1
H     -0.55593307     0.31097585     1.76363168    1
H      1.95400914     0.06834037     0.05734438    1
 4
 -188.8554918615  0.000000000000000E+000
N      0.03866676    -0.07202159    -0.06151225    1
H     -0.55593307     1.79083854     0.00000000    1
H     -0.55593307     0.28014887     1.76879035    1
H      1.95400914     0.06733803     0.05751211    1
 4
 -188.8554918615  0.000000000000000E+000
N      0.03866676    -0.07094657    -0.06167291    1
H     -0.55593307     1.79083854     0.00000000    1
H     -0.55593307     0.24923655     1.77341023    1
H      1.95400914     0.06633292     0.05766233    1
 4
 -188.8554918615  0.000000000000000E+000
N      0.03866676    -0.06986891    -0.06181479    1
H     -0.55593307     1.79083854     0.00000000    1
H     -0.55593307     0.21824832     1.77748990    1
H      1.95400914     0.06532534     0.05779498    1
 4
 -188.8554918615  0.000000000000000E+000
N      0.03866676    -0.06878893    -0.06193783    1
H     -0.55593307     1.79083854     0.00000000    1
H     -0.55593307     0.18719360     1.78102814    1
H      1.95400914     0.06431560     0.05791002    1
 4
 -188.8554918615  0.000000000000000E+000
N      0.03866676    -0.06770698    -0.06204201    1
H     -0.55593307     1.79083854     0.00000000    1
H     -0.55593307     0.15608186     1.78402386    1
H      1.95400914     0.06330400     0.05800743    1
 4
 -188.8554918615  0.000000000000000E+000
N      0.03866676    -0.06662337    -0.06212730    1
H     -0.55593307     1.79083854     0.00000000    1
H     -0.55593307     0.12492258     1.78647615    1
H      1.95400914     0.06229086     0.05808716    1
 4
 -188.8554918615  0.000000000000000E+000
N      0.03866676    -0.06553844    -0.06219365    1
H     -0.55593307     1.79083854     0.00000000    1
H     -0.55593307     0.09372525     1.78838426    1
H      1.95400914     0.06127648     0.05814921    1
 4
 -188.8554918615  0.000000000000000E+000
N      0.03866676    -0.06445251    -0.06224107    1
H     -0.55593307     1.79083854     0.00000000    1
H     -0.55593307     0.06249936     1.78974761    1
H      1.95400914     0.06026117     0.05819354    1
 4
 -188.8554918615  0.000000000000000E+000
N      0.03866676    -0.06336592    -0.06226952    1
H     -0.55593307     1.79083854     0.00000000    1
H     -0.55593307     0.03125444     1.79056579    1
H      1.95400914     0.05924524     0.05822014    1
 4
 -188.8554918615  0.000000000000000E+000
N      0.03866676    -0.06227900    -0.06227900    1
H     -0.55593307     1.79083854     0.00000000    1
H     -0.55593307     0.00000000     1.79083854    1
H      1.95400914     0.05822901     0.05822901    1
 4
 -188.8554918615  0.000000000000000E+000
N      0.03866676    -0.06119209    -0.06226952    1
H     -0.55593307     1.79083854     0.00000000    1
H     -0.55593307    -0.03125444     1.79056579    1
H      1.95400914     0.05721277     0.05822014    1
 4
 -188.8554918615  0.000000000000000E+000
N      0.03866676    -0.06010550    -0.06224107    1
H     -0.55593307     1.79083854     0.00000000    1
H     -0.55593307    -0.06249936     1.78974761    1
H      1.95400914     0.05619684     0.05819354    1
 4
 -188.8554918615  0.000000000000000E+000
N      0.03866676    -0.05901957    -0.06219365    1
H     -0.55593307     1.79083854     0.00000000    1
H     -0.55593307    -0.09372525     1.78838426    1
H      1.95400914     0.05518154     0.05814921    1
 4
 -188.8554918615  0.000000000000000E+000
N      0.03866676    -0.05793464    -0.06212730    1
H     -0.55593307     1.79083854     0.00000000    1
H     -0.55593307    -0.12492258     1.78647615    1
H      1.95400914     0.05416716     0.05808716    1
 4
 -188.8554918615  0.000000000000000E+000
N      0.03866676    -0.05685103    -0.06204201    1
H     -0.55593307     1.79083854     0.00000000    1
H     -0.55593307    -0.15608186     1.78402386    1
H      1.95400914     0.05315402     0.05800743    1
 4
 -188.8554918615  0.000000000000000E+000
N      0.03866676    -0.05576908    -0.06193783    1
H     -0.55593307     1.79083854     0.00000000    1
H     -0.55593307    -0.18719360     1.78102814    1
H      1.95400914     0.05214242     0.05791002    1
 4
 -188.8554918615  0.000000000000000E+000
N      0.03866676    -0.05468910    -0.06181479    1
H     -0.55593307     1.79083854     0.00000000    1
H     -0.55593307    -0.21824832     1.77748990    1
H      1.95400914     0.05113268     0.05779498    1
 4
 -188.8554918615  0.000000000000000E+000
N      0.03866676    -0.05361144    -0.06167291    1
H     -0.55593307     1.79083854     0.00000000    1
H     -0.55593307    -0.24923655     1.77341023    1
H      1.95400914     0.05012510     0.05766233    1
 4
 -188.8554918615  0.000000000000000E+000
N      0.03866676    -0.05253642    -0.06151225    1
H     -0.55593307     1.79083854     0.00000000    1
H     -0.55593307    -0.28014887     1.76879035    1
H      1.95400914     0.04911998     0.05751211    1
 4
 -188.8554918615  0.000000000000000E+000
N      0.03866676    -0.05146437    -0.06133285    1
H     -0.55593307     1.79083854     0.00000000    1
H     -0.55593307    -0.31097585     1.76363168    1
H      1.95400914     0.04811765     0.05734438    1
 4
 -188.8554918615  0.000000000000000E+000
N      0.03866676    -0.05039561    -0.06113476    1
H     -0.55593307     1.79083854     0.00000000    1
H     -0.55593307    -0.34170810     1.75793580    1
H      1.95400914     0.04711839     0.05715918    1
 4
 -188.8554918615  0.000000000000000E+000
N      0.03866676    -0.04933047    -0.06091806    1
H     -0.55593307     1.79083854     0.00000000    1
H     -0.55593307    -0.37233627     1.75170442    1
H      1.95400914     0.04612252     0.05695656    1
 4
 -188.8554918615  0.000000000000000E+000
N      0.03866676    -0.04826928    -0.06068280    1
H     -0.55593307     1.79083854     0.00000000    1
H     -0.55593307    -0.40285102     1.74493947    1
H      1.95400914     0.04513033     0.05673660    1
 4
 -188.8554918615  0.000000000000000E+000
N      0.03866676    -0.04721235    -0.06042905    1
H     -0.55593307     1.79083854     0.00000000    1
H     -0.55593307    -0.43324306     1.73764299    1
H      1.95400914     0.04414214     0.05649936    1
 4
 -188.8554918615  0.000000000000000E+000
N      0.03866676    -0.04616001    -0.06015690    1
H     -0.55593307     1.79083854     0.00000000    1
H     -0.55593307    -0.46350312     1.72981720    1
H      1.95400914     0.04315823     0.05624490    1
 4
 -188.8554918615  0.000000000000000E+000
N      0.03866676    -0.04511258    -0.05986642    1
H     -0.55593307     1.79083854     0.00000000    1
H     -0.55593307    -0.49362200     1.72146450    1
H      1.95400914     0.04217892     0.05597331    1
 4
 -188.8554918615  0.000000000000000E+000
N      0.03866676    -0.04407039    -0.05955771    1
H     -0.55593307     1.79083854     0.00000000    1
H     -0.55593307    -0.52359052     1.71258742    1
H      1.95400914     0.04120449     0.05568468    1
 4
 -188.8554918615  0.000000000000000E+000
N      0.03866676    -0.04303373    -0.05923085    1
H     -0.55593307     1.79083854     0.00000000    1
H     -0.55593307    -0.55339954     1.70318867    1
H      1.95400914     0.04023525     0.05537908    1
 4
 -188.8554918615  0.000000000000000E+000
N      0.03866676    -0.04200294    -0.05888596    1
H     -0.55593307     1.79083854     0.00000000    1
H     -0.55593307    -0.58304000     1.69327111    1
H      1.95400914     0.03927150     0.05505661    1
 4
 -188.8554918615  0.000000000000000E+000
N      0.03866676    -0.04097833    -0.05852312    1
H     -0.55593307     1.79083854     0.00000000    1
H     -0.55593307    -0.61250286     1.68283776    1
H      1.95400914     0.03831351     0.05471737    1
 4
 -188.8554918615  0.000000000000000E+000
N      0.03866676    -0.03996021    -0.05814246    1
H     -0.55593307     1.79083854     0.00000000    1
H     -0.55593307    -0.64177914     1.67189181    1
H      1.95400914     0.03736160     0.05436146    1
 4
 -188.8554918615  0.000000000000000E+000
N      0.03866676    -0.03894888    -0.05774409    1
H     -0.55593307     1.79083854     0.00000000    1
H     -0.55593307    -0.67085993     1.66043658    1
H      1.95400914     0.03641604     0.05398900    1
 4
 -188.8554918615  0.000000000000000E+000
N      0.03866676    -0.03794466    -0.05732813    1
H     -0.55593307     1.79083854     0.00000000    1
H     -0.55593307    -0.69973637     1.64847557    1
H      1.95400914     0.03547712     0.05360008    1
 4
 -188.8554918615  0.000000000000000E+000
N      0.03866676    -0.03694785    -0.05689470    1
H     -0.55593307     1.79083854     0.00000000    1
H     -0.55593307    -0.72839966     1.63601242    1
H      1.95400914     0.03454514     0.05319485    1
 4
 -188.8554918615  0.000000000000000E+000
N      0.03866676    -0.03595876    -0.05644395    1
H     -0.55593307     1.79083854     0.00000000    1
H     -0.55593307    -0.75684107     1.62305092    1
H      1.95400914     0.03362037     0.05277340    1
 4
 -188.8554918615  0.000000000000000E+000
N      0.03866676    -0.03497769    -0.05597600    1
H     -0.55593307     1.79083854     0.00000000    1
H     -0.55593307    -0.78505195     1.60959502    1
H      1.95400914     0.03270309     0.05233589    1
 4
 -188.8554918615  0.000000000000000E+000
N      0.03866676    -0.03400493    -0.05549100    1
H     -0.55593307     1.79083854     0.00000000    1
H     -0.55593307    -0.81302369     1.59564883    1
H      1.95400914     0.03179359     0.05188243    1
 4
 -188.8554918615  0.000000000000000E+000
N      0.03866676    -0.03304078    -0.05498910    1
H     -0.55593307     1.79083854     0.00000000    1
H     -0.55593307    -0.84074777     1.58121658    1
H      1.95400914     0.03089214     0.05141316    1
 4
 -188.8554918615  0.000000000000000E+000
N      0.03866676    -0.03208554    -0.05447044    1
H     -0.55593307     1.79083854     0.00000000    1
H     -0.55593307    -0.86821575     1.56630268    1
H      1.95400914     0.02999902     0.05092824    1
 4
 -188.8554918615  0.000000000000000E+000
N      0.03866676    -0.03113950    -0.05393520    1
H     -0.55593307     1.79083854     0.00000000    1
H     -0.55593307    -0.89541927     1.55091167    1
H      1.95400914     0.02911450     0.05042780    1
 4
 -188.8554918615  0.000000000000000E+000
N      0.03866676    -0.03020295    -0.05338353    1
H     -0.55593307     1.79083854     0.00000000    1
H     -0.55593307    -0.92235004     1.53504824    1
H      1.95400914     0.02823885     0.04991200    1
 4
 -188.8554918615  0.000000000000000E+000
N      0.03866676    -0.02927616    -0.05281559    1
H     -0.55593307     1.79083854     0.00000000    1
H     -0.55593307    -0.94899984     1.51871722    1
H      1.95400914     0.02737233     0.04938100    1
 4
 -188.8554918615  0.000000000000000E+000
N      0.03866676    -0.02835943    -0.05223157    1
H     -0.55593307     1.79083854     0.00000000    1
H     -0.55593307    -0.97536058     1.50192358    1
H      1.95400914     0.02651522     0.04883496    1
 4
 -188.8554918615  0.000000000000000E+000
N      0.03866676    -0.02745303    -0.05163163    1
H     -0.55593307     1.79083854     0.00000000    1
H     -0.55593307    -1.00142420     1.48467244    1
H      1.95400914     0.02566776     0.04827404    1
 4
 -188.8554918615  0.000000000000000E+000
N      0.03866676    -0.02655723    -0.05101597    1
H     -0.55593307     1.79083854     0.00000000    1
H     -0.55593307    -1.02718279     1.46696905    1
H      1.95400914     0.02483022     0.04769841    1
 4
 -188.8554918615  0.000000000000000E+000
N      0.03866676    -0.02567232    -0.05038477    1
H     -0.55593307     1.79083854     0.00000000    1
H     -0.55593307    -1.05262849     1.44881882    1
H      1.95400914     0.02400286     0.04710826    1
 4
 -188.8554918615  0.000000000000000E+000
N      0.03866676    -0.02479856    -0.04973822    1
H     -0.55593307     1.79083854     0.00000000    1
H     -0.55593307    -1.07775354     1.43022725    1
H      1.95400914     0.02318592     0.04650375    1
 4
 -188.8554918615  0.000000000000000E+000
N      0.03866676    -0.02393622    -0.04907652    1
H     -0.55593307     1.79083854     0.00000000    1
H     -0.55593307    -1.10255030     1.41120003    1
H      1.95400914     0.02237965     0.04588508    1
 4
 -188.8554918615  0.000000000000000E+000
N      0.03866676    -0.02308556    -0.04839988    1
H     -0.55593307     1.79083854     0.00000000    1
H     -0.55593307    -1.12701121     1.39174294    1
H      1.95400914     0.02158431     0.04525244    1
 4
 -188.8554918615  0.000000000000000E+000
N      0.03866676    -0.02224683    -0.04770848    1
H     -0.55593307     1.79083854     0.00000000    1
H     -0.55593307    -1.15112883     1.37186191    1
H      1.95400914     0.02080012     0.04460601    1
 4
 -188.8554918615  0.000000000000000E+000
N      0.03866676    -0.02142030    -0.04700256    1
H     -0.55593307     1.79083854     0.00000000    1
H     -0.55593307    -1.17489580     1.35156301    1
H      1.95400914     0.02002734     0.04394599    1
 4
 -188.8554918615  0.000000000000000E+000
N      0.03866676    -0.02060622    -0.04628232    1
H     -0.55593307     1.79083854     0.00000000    1
H     -0.55593307    -1.19830488     1.33085240    1
H      1.95400914     0.01926620     0.04327259    1
 4
 -188.8554918615  0.000000000000000E+000
N      0.03866676    -0.01980483    -0.04554798    1
H     -0.55593307     1.79083854     0.00000000    1
H     -0.55593307    -1.22134895     1.30973640    1
H      1.95400914     0.01851692     0.04258600    1
 4
 -188.8554918615  0.000000000000000E+000
N      0.03866676    -0.01901637    -0.04479977    1
H     -0.55593307     1.79083854     0.00000000    1
H     -0.55593307    -1.24402098     1.28822144    1
H      1.95400914     0.01777974     0.04188644    1
 4
 -188.8554918615  0.000000000000000E+000
N      0.03866676    -0.01824110    -0.04403791    1
H     -0.55593307     1.79083854     0.00000000    1
H     -0.55593307    -1.26631408     1.26631408    1
H      1.95400914     0.01705488     0.04117413    1
 4
 -188.8554918615  0.000000000000000E+000
N      0.03866676    -0.01747924    -0.04326263    1
H     -0.55593307     1.79083854     0.00000000    1
H     -0.55593307    -1.28822144     1.24402098    1
H      1.95400914     0.01634256     0.04044927    1
 4
 -188.8554918615  0.000000000000000E+000
N      0.03866676    -0.01673102    -0.04247418    1
H     -0.55593307     1.79083854     0.00000000    1
H     -0.55593307    -1.30973640     1.22134895    1
H      1.95400914     0.01564301     0.03971209    1
 4
 -188.8554918615  0.000000000000000E+000
N      0.03866676    -0.01599668    -0.04167279    1
H     -0.55593307     1.79083854     0.00000000    1
H     -0.55593307    -1.33085240     1.19830488    1
H      1.95400914     0.01495642     0.03896281    1
 4
 -188.8554918615  0.000000000000000E+000
N      0.03866676    -0.01527644    -0.04085870    1
H     -0.55593307     1.79083854     0.00000000    1
H     -0.55593307    -1.35156301     1.17489580    1
H      1.95400914     0.01428302     0.03820167    1
 4
 -188.8554918615  0.000000000000000E+000
N      0.03866676    -0.01457052    -0.04003217    1
H     -0.55593307     1.79083854     0.00000000    1
H     -0.55593307    -1.37186191     1.15112883    1
H      1.95400914     0.01362300     0.03742888    1
 4
 -188.8554918615  0.000000000000000E+000
N      0.03866676    -0.01387913    -0.03919345    1
H     -0.55593307     1.79083854     0.00000000    1
H     -0.55593307    -1.39174294     1.12701121    1
H      1.95400914     0.01297657     0.03664470    1
 4
 -188.8554918615  0.000000000000000E+000
N      0.03866676    -0.01320248    -0.03834278    1
H     -0.55593307     1.79083854     0.00000000    1
H     -0.55593307    -1.41120003     1.10255030    1
H      1.95400914     0.01234392     0.03584936    1
 4
 -188.8554918615  0.000000000000000E+000
N      0.03866676    -0.01254078    -0.03748044    1
H     -0.55593307     1.79083854     0.00000000    1
H     -0.55593307    -1.43022725     1.07775354    1
H      1.95400914     0.01172525     0.03504309    1
 4
 -188.8554918615  0.000000000000000E+000
N      0.03866676    -0.01189423    -0.03660668    1
H     -0.55593307     1.79083854     0.00000000    1
H     -0.55593307    -1.44881882     1.05262849    1
H      1.95400914     0.01112075     0.03422615    1
 4
 -188.8554918615  0.000000000000000E+000
N      0.03866676    -0.01126303    -0.03572177    1
H     -0.55593307     1.79083854     0.00000000    1
H     -0.55593307    -1.46696905     1.02718279    1
H      1.95400914     0.01053060     0.03339879    1
 4
 -188.8554918615  0.000000000000000E+000
N      0.03866676    -0.01064737    -0.03482598    1
H     -0.55593307     1.79083854     0.00000000    1
H     -0.55593307    -1.48467244     1.00142420    1
H      1.95400914     0.00995497     0.03256125    1
 4
 -188.8554918615  0.000000000000000E+000
N      0.03866676    -0.01004744    -0.03391958    1
H     -0.55593307     1.79083854     0.00000000    1
H     -0.55593307    -1.50192358     0.97536058    1
H      1.95400914     0.00939405     0.03171379    1
 4
 -188.8554918615  0.000000000000000E+000
N      0.03866676    -0.00946341    -0.03300284    1
H     -0.55593307     1.79083854     0.00000000    1
H     -0.55593307    -1.51871722     0.94899984    1
H      1.95400914     0.00884801     0.03085667    1
 4
 -188.8554918615  0.000000000000000E+000
N      0.03866676    -0.00889548    -0.03207606    1
H     -0.55593307     1.79083854     0.00000000    1
H     -0.55593307    -1.53504824     0.92235004    1
H      1.95400914     0.00831701     0.02999016    1
 4
 -188.8554918615  0.000000000000000E+000
N      0.03866676    -0.00834380    -0.03113950    1
H     -0.55593307     1.79083854     0.00000000    1
H     -0.55593307    -1.55091167     0.89541927    1
H      1.95400914     0.00780121     0.02911450    1
 4
 -188.8554918615  0.000000000000000E+000
N      0.03866676    -0.00780856    -0.03019346    1
H     -0.55593307     1.79083854     0.00000000    1
H     -0.55593307    -1.56630268     0.86821575    1
H      1.95400914     0.00730077     0.02822998    1
 4
 -188.8554918615  0.000000000000000E+000
N      0.03866676    -0.00728991    -0.02923822    1
H     -0.55593307     1.79083854     0.00000000    1
H     -0.55593307    -1.58121658     0.84074777    1
H      1.95400914     0.00681585     0.02733686    1
 4
 -188.8554918615  0.000000000000000E+000
N      0.03866676    -0.00678801    -0.02827408    1
H     -0.55593307     1.79083854     0.00000000    1
H     -0.55593307    -1.59564883     0.81302369    1
H      1.95400914     0.00634658     0.02643542    1
 4
 -188.8554918615  0.000000000000000E+000
N      0.03866676    -0.00630301    -0.02730132    1
H     -0.55593307     1.79083854     0.00000000    1
H     -0.55593307    -1.60959502     0.78505195    1
H      1.95400914     0.00589312     0.02552592    1
 4
 -188.8554918615  0.000000000000000E+000
N      0.03866676    -0.00583506    -0.02632024    1
H     -0.55593307     1.79083854     0.00000000    1
H     -0.55593307    -1.62305092     0.75684107    1
H      1.95400914     0.00545560     0.02460864    1
 4
 -188.8554918615  0.000000000000000E+000
N      0.03866676    -0.00538430    -0.02533115    1
H     -0.55593307     1.79083854     0.00000000    1
H     -0.55593307    -1.63601242     0.72839966    1
H      1.95400914     0.00503416     0.02368387    1
 4
 -188.8554918615  0.000000000000000E+000
N      0.03866676    -0.00495088    -0.02433435    1
H     -0.55593307     1.79083854     0.00000000    1
H     -0.55593307    -1.64847557     0.69973637    1
H      1.95400914     0.00462892     0.02275189    1
 4
 -188.8554918615  0.000000000000000E+000
N      0.03866676    -0.00453492    -0.02333013    1
H     -0.55593307     1.79083854     0.00000000    1
H     -0.55593307    -1.66043658     0.67085993    1
H      1.95400914     0.00424001     0.02181297    1
 4
 -188.8554918615  0.000000000000000E+000
N      0.03866676    -0.00413654    -0.02231880    1
H     -0.55593307     1.79083854     0.00000000    1
H     -0.55593307    -1.67189181     0.64177914    1
H      1.95400914     0.00386755     0.02086741    1
 4
 -188.8554918615  0.000000000000000E+000
N      0.03866676    -0.00375588    -0.02130067    1
H     -0.55593307     1.79083854     0.00000000    1
H     -0.55593307    -1.68283776     0.61250286    1
H      1.95400914     0.00351164     0.01991549    1
 4
 -188.8554918615  0.000000000000000E+000
N      0.03866676    -0.00339305    -0.02027606    1
H     -0.55593307     1.79083854     0.00000000    1
H     -0.55593307    -1.69327111     0.58304000    1
H      1.95400914     0.00317240     0.01895751    1
 4
 -188.8554918615  0.000000000000000E+000
N      0.03866676    -0.00304815    -0.01924527    1
H     -0.55593307     1.79083854     0.00000000    1
H     -0.55593307    -1.70318867     0.55339954    1
H      1.95400914     0.00284993     0.01799375    1
 4
 -188.8554918615  0.000000000000000E+000
N      0.03866676    -0.00272130    -0.01820862    1
H     -0.55593307     1.79083854     0.00000000    1
H     -0.55593307    -1.71258742     0.52359052    1
H      1.95400914     0.00254433     0.01702451    1
 4
 -188.8554918615  0.000000000000000E+000
N      0.03866676    -0.00241258    -0.01716642    1
H     -0.55593307     1.79083854     0.00000000    1
H     -0.55593307    -1.72146450     0.49362200    1
H      1.95400914     0.00225569     0.01605009    1
 4
 -188.8554918615  0.000000000000000E+000
N      0.03866676    -0.00212211    -0.01611899    1
H     -0.55593307     1.79083854     0.00000000    1
H     -0.55593307    -1.72981720     0.46350312    1
H      1.95400914     0.00198411     0.01507078    1
 4
 -188.8554918615  0.000000000000000E+000
N      0.03866676    -0.00184995    -0.01506665    1
H     -0.55593307     1.79083854     0.00000000    1
H     -0.55593307    -1.73764299     0.43324306    1
H      1.95400914     0.00172965     0.01408687    1
 4
 -188.8554918615  0.000000000000000E+000
N      0.03866676    -0.00159621    -0.01400973    1
H     -0.55593307     1.79083854     0.00000000    1
H     -0.55593307    -1.74493947     0.40285102    1
H      1.95400914     0.00149241     0.01309868    1
 4
 -188.8554918615  0.000000000000000E+000
N      0.03866676    -0.00136095    -0.01294853    1
H     -0.55593307     1.79083854     0.00000000    1
H     -0.55593307    -1.75170442     0.37233627    1
H      1.95400914     0.00127244     0.01210649    1
 4
 -188.8554918615  0.000000000000000E+000
N      0.03866676    -0.00114424    -0.01188339    1
H     -0.55593307     1.79083854     0.00000000    1
H     -0.55593307    -1.75793580     0.34170810    1
H      1.95400914     0.00106983     0.01111062    1
 4
 -188.8554918615  0.000000000000000E+000
N      0.03866676    -0.00094616    -0.01081464    1
H     -0.55593307     1.79083854     0.00000000    1
H     -0.55593307    -1.76363168     0.31097585    1
H      1.95400914     0.00088463     0.01011136    1
 4
 -188.8554918615  0.000000000000000E+000
N      0.03866676    -0.00076676    -0.00974258    1
H     -0.55593307     1.79083854     0.00000000    1
H     -0.55593307    -1.76879035     0.28014887    1
H      1.95400914     0.00071690     0.00910902    1
 4
 -188.8554918615  0.000000000000000E+000
N      0.03866676    -0.00060609    -0.00866756    1
H     -0.55593307     1.79083854     0.00000000    1
H     -0.55593307    -1.77341023     0.24923655    1
H      1.95400914     0.00056668     0.00810391    1
 4
 -188.8554918615  0.000000000000000E+000
N      0.03866676    -0.00046422    -0.00758990    1
H     -0.55593307     1.79083854     0.00000000    1
H     -0.55593307    -1.77748990     0.21824832    1
H      1.95400914     0.00043403     0.00709633    1
 4
 -188.8554918615  0.000000000000000E+000
N      0.03866676    -0.00034117    -0.00650993    1
H     -0.55593307     1.79083854     0.00000000    1
H     -0.55593307    -1.78102814     0.18719360    1
H      1.95400914     0.00031898     0.00608659    1
 4
 -188.8554918615  0.000000000000000E+000
N      0.03866676    -0.00023699    -0.00542797    1
H     -0.55593307     1.79083854     0.00000000    1
H     -0.55593307    -1.78402386     0.15608186    1
H      1.95400914     0.00022158     0.00507499    1
 4
 -188.8554918615  0.000000000000000E+000
N      0.03866676    -0.00015171    -0.00434436    1
H     -0.55593307     1.79083854     0.00000000    1
H     -0.55593307    -1.78647615     0.12492258    1
H      1.95400914     0.00014184     0.00406185    1
 4
 -188.8554918615  0.000000000000000E+000
N      0.03866676    -0.00008535    -0.00325943    1
H     -0.55593307     1.79083854     0.00000000    1
H     -0.55593307    -1.78838426     0.09372525    1
H      1.95400914     0.00007980     0.00304747    1
 4
 -188.8554918615  0.000000000000000E+000
N      0.03866676    -0.00003794    -0.00217351    1
H     -0.55593307     1.79083854     0.00000000    1
H     -0.55593307    -1.78974761     0.06249936    1
H      1.95400914     0.00003547     0.00203216    1
 4
 -188.8554918615  0.000000000000000E+000
N      0.03866676    -0.00000949    -0.00108692    1
H     -0.55593307     1.79083854     0.00000000    1
H     -0.55593307    -1.79056579     0.03125444    1
H      1.95400914     0.00000887     0.00101624    1
 4
 -188.8554918615  0.000000000000000E+000
N      0.03866676     0.00000000    -0.00000000    1
H     -0.55593307     1.79083854     0.00000000    1
H     -0.55593307    -1.79083854     0.00000000    1
H      1.95400914     0.00000000     0.00000000    1
