SURFGEN.GLOBAL Hd COEFFICIENTS FILE V:2.8.8
high order tester                                                                                                                                                                                                                                              
ORDER
    4
COEFFICIENTS
ORDER     0 BLOCK     1
  4.0592143133958025E-01
ORDER     0 BLOCK     3
  4.0592048854186746E-01
ORDER     1 BLOCK     1
 -5.0887154209756325E-01  5.9203933449903856E-01  4.3780714016667943E-01 -3.3142737199506750E-01 -5.6598650839827813E-01 -1.0380227945920633E+00
  5.0295447297399143E-01
ORDER     1 BLOCK     2
 -6.7859707967787670E-07
ORDER     1 BLOCK     3
 -5.0886569122238268E-01  5.9202998108507554E-01  4.3780378400586728E-01 -3.3142760074182820E-01 -5.6598296080544153E-01 -1.0380158849748142E+00
  5.0295364432463241E-01
ORDER     2 BLOCK     1
  1.2407663214934463E+00  1.0380445526566868E+00 -6.5712424470925246E-01 -4.2136990074499217E+00  1.6901237476474276E+00  2.4021341471673692E+00
  2.8732549369498246E+00  5.4033560051701690E-01 -1.7962911262592125E+00 -1.1737019675820040E-01  3.8024132744671715E-02  2.1690566989712931E-03
 -3.6766510162663285E-01 -5.4746550414623940E-01  4.6108272220907923E-02 -1.0583675496265755E-02  3.2808155178784611E-02 -1.4617329152089048E-01
  7.7780483406762835E-01 -2.0311544222077646E-01 -2.9800127867103698E-01  2.0500967094075936E-01 -6.4412124815851146E-01  2.3365038685988002E-01
  1.2588640119825453E-01  3.2142758691174000E-02  5.4566312332693279E-01  1.3335048992993828E-02  2.5089280302440287E-01  3.5653025656777049E-01
 -2.0863484423223036E-01  7.1634041420280181E-01  4.9161607786728116E-02 -1.8819175587664153E-01 -8.0154148298759831E-01  6.0544259126093785E+00
  2.1540338422500238E-01 -4.7429810884910724E-03 -3.6839559994596645E+00 -1.5576918357302671E+00  8.1176161574335337E-01 -9.5012238374225622E-01
 -1.0776260452454602E+00  7.7317955438220065E-01 -7.2463925895058692E-02 -2.2746461411257317E+00  7.5421718825810107E+00  2.3117048772448938E+00
 -1.3460012459360366E+00  1.8871851804812532E+00  9.0289050404676441E-02 -3.6193525678097331E+00 -1.8477522666768051E+00 -5.8064600603278760E-01
 -4.5634498690591579E-01  6.0277222925522556E-01 -4.8508067395762461E-01  1.1454493018284271E+00 -9.2892532831839503E-01  1.5361846423869507E+00
  8.0875678263488593E-01  6.1902560364283277E-01 -9.4392306302102591E-01 -1.8319194962067140E+00
ORDER     2 BLOCK     2
 -1.5101583435791138E-06  8.0177652692610020E-06 -5.9962416012926985E-07 -2.4764673012341786E-07  1.4623035042377496E-06 -1.2909735544345122E-06
  1.2310373626530429E-06
ORDER     2 BLOCK     3
  1.2407697636245270E+00  1.0380387429515510E+00 -6.5712317371426299E-01 -4.2136865199890678E+00  1.6901243318058070E+00  2.4021273034237502E+00
  2.8732506280505548E+00  5.4033534487260415E-01 -1.7962897253650627E+00 -1.1736637371105195E-01  3.8023897058389620E-02  2.1710968999921242E-03
 -3.6766495140333316E-01 -5.4746582469070826E-01  4.6108169057777565E-02 -1.0583620765021473E-02  3.2808049494635103E-02 -1.4616574477105479E-01
  7.7780468568243932E-01 -2.0312440697043188E-01 -2.9799861474379358E-01  2.0501030020213251E-01 -6.4412083627585881E-01  2.3365037137811723E-01
  1.2588360237198734E-01  3.2142934580438459E-02  5.4566165782377130E-01  1.3335523525028287E-02  2.5090323092454558E-01  3.5654117940362284E-01
 -2.0863504895622226E-01  7.1633961624645992E-01  4.9161952279074064E-02 -1.8819795465992539E-01 -8.0154221903485656E-01  6.0544037799909347E+00
  2.1539876470100816E-01 -4.7527863869924261E-03 -3.6839607891479247E+00 -1.5576752298420977E+00  8.1175851286794420E-01 -9.5012160535909063E-01
 -1.0776230640073219E+00  7.7318208213004258E-01 -7.2462720969931629E-02 -2.2746498787094103E+00  7.5421675012955491E+00  2.3117044516179521E+00
 -1.3460020969263984E+00  1.8871837258669437E+00  9.0279815616232481E-02 -3.6193493800244538E+00 -1.8477484703134552E+00 -5.8064550322991493E-01
 -4.5634447569089509E-01  6.0277315315672853E-01 -4.8508020053936057E-01  1.1454429225085883E+00 -9.2892096954999881E-01  1.5361803127818774E+00
  8.0875618840699015E-01  6.1902918067300361E-01 -9.4392145624120438E-01 -1.8319309245394300E+00
ORDER     3 BLOCK     1
  8.0434001035865332E-01  5.5573373141263032E+00 -2.6691283681984643E+00  7.2774625124497638E-01 -1.3921928999265756E+00 -1.3421864852047698E+00
  5.4645914388496176E-02  1.4849735165354888E-01 -7.9118147233438907E-02  2.0026003527014189E+00 -3.6995144705897898E-01 -1.0254534243962590E+00
  9.6437341161234169E-01 -2.0161169954175100E+00 -9.2796470613932841E-02  3.2415639310221103E+00  1.3870278318534812E+00 -1.9133873325881234E-01
 -9.1994954718152666E-01  3.1117315300063217E+00 -1.0885067427364559E+00  2.9003228091615569E+00 -1.5266275753847185E+00 -1.6728319310165061E+00
 -1.9707103767781137E-01 -4.4507288812265511E-01 -1.4581335137068438E-01  1.8810758677044603E+00 -4.8267502863982742E-01  2.1341263919989415E+00
 -3.3550161383390953E+00  9.5504350287336015E-01 -3.3855936091286223E+00 -1.1213489009511138E-02  2.4981743467998563E-01 -2.4199533214489774E-01
  9.3087074376987195E-04 -4.5818193235077478E-02 -2.0232590310644308E-01  1.2499863359391845E+00  1.5488886043990566E-01  8.0701628008832224E-02
  3.3951811325344493E-02  1.0471018782756172E+00 -3.4537861932261444E+00  3.5599436770776222E-01 -5.5566271125125044E-01  4.3113015555326646E+00
  4.9908485595222435E-01  7.2339628234375161E-02 -1.4074488615198147E-01 -1.0703753265966216E+00  1.4375240665079336E-02  2.2661564989127345E-01
 -7.3965178529574405E-02 -1.0347200858996466E+00  6.4413364052840771E-01  1.6152033013286258E+00 -1.6122423594259949E+00 -6.9678590493229231E-01
  1.1218805455515328E+00 -5.3129468596318230E-01  2.2074484512927411E-02 -2.3087593855135299E-02 -1.8609075901878128E-01  9.7932728208701059E-01
 -1.2494203057852207E+00 -9.2730376565956241E-01 -1.1820139269173433E+00 -8.5044182537876334E-01 -2.5735706323083152E+00 -1.2197636942241621E+00
  6.5006027532177679E+00  2.0400265386542507E+00 -1.3759459305333026E+00 -4.6290413866469882E+00  9.2378838937448970E-01  1.3868383510503757E+00
  2.4619780719126072E-01 -6.7223478282090907E+00 -9.0972385000530187E-01 -1.4710677672247860E+00  2.8616025599030923E+00  5.2173319160066367E-01
 -5.4507013998907805E+00  3.2276279024579506E+00 -9.4760312329745378E-01  5.4638538985727947E-01 -2.7869854730509362E+00  4.1532969292486452E+00
  2.5623621713926870E+00 -3.9962146356098315E-02 -2.8269942273245174E+00 -1.5163187919079544E+00 -2.8375912136251391E+00 -1.7084521779286246E+00
  2.7842129395711330E+00  5.7555714577230344E+00  6.7409445735079263E+00 -5.7236143344745893E-01  3.3534271776781771E-01  7.9960260513631906E-02
  1.0637964065179274E-01 -3.8356279178256752E-01 -3.0577149541743029E+00  3.2487889039437290E+00  5.3615666014484531E-01  3.2856484123010343E-01
  2.1555825363908873E-01  1.0114400087489117E+00 -1.1123013983353387E+00  8.1733611326787825E-01  4.6047381405357947E-02 -2.9752233130075902E+00
 -1.2539816733602718E-01 -7.7653195770554984E-01  5.1190062356089250E-01 -2.1724426296139350E+00  1.1234475391821233E-01 -1.0632310162269279E-01
  9.6599277564675812E-01  4.8507038365401772E-01  1.5328067447877978E+00 -4.0557177934940487E+00  1.1561452424800660E+00  3.6690337652138749E-01
 -1.3156753197711465E-01  5.8360675748261324E+00  1.3389910856184246E+00 -2.9074957699653951E-02  7.9239011807506560E-02 -5.2531359657318299E-01
  3.9279897486269602E+00 -3.0848917678967829E+00 -3.3340371351374121E-01  1.4723329468315900E+00 -1.7652684013119395E+00  1.2186505071334512E+00
  6.3650991242469290E-01  4.6682421690700060E-01 -3.4890308608165832E-01  4.2722730219605305E+00  1.4352769281342916E+00 -2.1711662928440210E+00
  9.4863331120758576E-01  3.5235723926419210E-01 -1.5303800644633385E+00 -2.0515654427074494E+00 -5.5449022956300986E-01  1.6857901964789810E+00
  6.7001017481817651E-02  1.3348344831598991E+00 -1.0415900114095478E+00 -8.0449228866382916E-01  2.0942458476298791E+00  3.4168107250536228E-01
 -8.3509745968799121E-01 -8.7948986557774955E-01 -3.5282302524755260E-01 -3.9239726220455851E-01  5.2699444314156638E+00 -1.3015435381442586E+00
  8.2690108476657864E-01 -3.4498461606381756E+00 -8.3371549614036127E+00 -1.1042439723928476E+01 -4.4191181789583007E+00  4.6365765199586848E+00
  2.3002397000850237E+00  5.1539631851591228E-01  2.6817166101778516E-02 -1.8328131947504271E+00 -4.4328186991971430E+00  2.5607051622044827E+00
 -1.9876014568484781E+00  1.9213546494019235E-01 -5.0424611994592183E+00  2.1458028406825549E+00 -2.1808855056497660E+00 -6.5506401748274701E-01
  4.1204136754754748E+00  7.5968103599632708E-01  4.5219972574731750E+00 -2.8768048654919454E-01 -1.1721546804087648E+00  1.1602770944729655E+00
 -2.1272933395907763E+00 -8.2491246640393601E-01  5.3010983679145172E+00 -4.0043917633175058E-01  3.8096867563601844E-01 -3.2968446664292599E+00
  1.9099715789034252E-01  3.4211719618491596E+00  1.5847777615342893E+00 -5.0194010816551522E+00 -3.4746381501676056E+00 -3.3861432139580110E+00
  1.8997683539722541E+00  8.0309557278749573E+00  8.2377515579666760E-01 -2.3617800379864631E-01 -2.3483089954946914E+00 -8.4277574210354200E-01
  1.7584379228620930E+00  1.5292183412366558E+00 -2.2399120094406780E-01 -1.4277576162004699E-01 -1.3534298598940677E+00  3.0285304882787600E+00
  5.1222735916676998E-01 -1.9999490768367018E-02  7.4417293910169124E-01  2.3121016433278932E-01 -6.8714019818789962E-01 -6.2927435809235166E-01
 -3.3381309740116155E-01  1.2030441316358667E+00 -3.1680002614888136E-01  3.6669477586465361E-02  3.0933764246220918E-01  5.8173507041541526E-02
 -9.4689216823004074E-02  2.6189565232255792E-02  9.1020590838816184E-01 -1.5436028716090411E+00 -8.8766876761820090E-01 -2.4029305569316373E-01
  1.5366038387569514E-01  1.0002160099662334E+00  1.0139690389778491E-01 -2.0493929634226943E-01 -1.8872957754045303E+00 -9.9210955053703931E-01
 -2.3942366664608772E-01  1.6601660566242498E+00  6.8128180884344014E-01  1.3219854932920163E+00  3.1923438791914582E-01  6.8764051742270971E-01
 -5.2203424682615573E-01 -1.3059167871191846E-01  6.7842302985539976E-02  1.1176617559759637E-01  4.2135351392867787E-01  4.5325360334291398E-01
  2.3697922439144547E-02 -1.2662166584987271E+00  8.7278584961970984E-01  1.2248063375433929E-01 -8.0981253807060993E-01  1.0434241940040947E+00
 -3.7955171000302088E+00  4.5261822646938948E-01 -2.5735514706449863E-01 -3.9759271491643572E-02 -2.4995923492236721E-01  4.3311942636491568E-01
  2.6762826572572690E-01 -9.1265623395428652E-01  1.0014771884567553E+00  1.0836731497485024E+00  3.5667096013080310E-02  1.1372575509722234E+00
  9.6010440037458777E-01 -1.3375569967038077E+00 -9.0999942053039384E-01  3.0874160402395373E-01  4.1001890964537729E-01  2.4166188181280330E+00
 -5.0169222237873712E-01  2.6749826252236510E+00 -6.4295787184195152E-01  3.4949724747023612E+00  1.7262423780035677E-01 -3.9555438741509719E-01
 -4.3883551930907494E+00  1.8861255189714832E+00  5.3679535151726043E-01 -1.2972034404039603E+00 -4.5055234817765677E-01  5.3618853144788658E-01
  1.3791124880500325E+00 -1.6184328950571945E+00 -1.9853944667454693E-01 -2.0417458634028023E+00 -6.2402232624726386E+00  1.1921869253212580E+00
  3.0488721015572948E+00  1.0411979501098454E+00  1.9664020581569979E+00  6.7564161877164808E-01 -4.0794956589596731E+00 -2.0628300343895511E+00
 -2.3478891091167751E+00  4.5429791511366446E-02  9.7722131725550412E+00 -1.2527381908117274E+00  4.2105741727216395E-01  1.1306331363868997E-01
  1.2475438627623630E+00 -3.2066777258859216E+00 -6.1798577509089858E+00 -7.4549896787009002E+00 -3.1771223079585487E-01  5.2853368930610090E-01
 -1.4498637435702560E-01 -1.7396865094520608E+00 -4.6527121759269957E-01  8.0350332102742195E-01  5.0802957768123813E-01 -1.0011284446056041E+00
  8.2569101910041476E-01  4.7519554984920570E-01 -6.0177575413218798E-01  2.2890069729129017E-01 -3.6510006419081986E-01 -1.4668958529776670E-02
 -2.0897695196362349E+00 -2.3070538201859394E+00  4.6710412353259185E+00  2.6270478339730707E+00  2.3928738475168458E+00  4.3350881716173273E-01
  1.0830734056320872E+00  1.0636049618927876E+00 -9.0886488512693719E-01 -7.0580615478670061E-01 -1.2190038396598977E+00 -6.2453863577477764E-01
  2.1156471091386861E+00  1.7463552728756966E+00  1.1330510365540992E+01  3.3180311441575039E-01 -3.8859537408682168E+00 -8.5567781709712456E+00
  2.0180304281050021E+00
ORDER     3 BLOCK     2
  2.6093779290245553E-06  5.2932059513681329E-06 -3.0895059583097325E-06 -5.3895428214285945E-06  9.5917111737099070E-07 -5.2088836644501026E-06
  2.8286152666484512E-07  3.3185465337665235E-06  1.4891248844853763E-06 -4.8679329069548223E-06 -4.4368117654912769E-07 -1.5970791283534364E-07
 -6.0246965392119246E-07  1.2539459656876757E-06 -6.3691695408202347E-08  8.6669532676017833E-08 -1.3088805032188001E-07 -2.2879558676847432E-06
 -2.1645957296815986E-06  7.1337928270639566E-07  1.2182895701989552E-06  3.8588233304318730E-07 -6.1475309504885096E-07  2.8800569886900041E-09
  1.3814004141679330E-06  4.1093093316212685E-07 -1.6247536647607353E-06  3.4629039910352032E-06 -8.1063856873282205E-09 -1.0023175302396176E-05
  1.4118517920494616E-08  2.7780940403882776E-07  1.7282406787366053E-07 -6.7951641650297564E-07 -8.0073994764320450E-07  2.4156166862686043E-06
 -5.5505894386736316E-06  1.4256000609520999E-06  1.0602019397676646E-05 -1.9836752559457558E-06  4.1782222935806238E-07 -3.5605162196339576E-08
  1.8371416895336653E-07  5.5891173510450413E-07  6.7362185284277223E-07 -6.5949210765906930E-07  3.6464349883818780E-07  2.0709604565575337E-07
 -3.0027622179461641E-06  4.7980205906156439E-06  4.0016472010582627E-06 -9.2295391377474747E-06  1.3309441790766164E-06 -9.7837067684457545E-07
  2.1995766867924560E-07 -2.7160251864090118E-07 -4.8139135791683359E-07 -1.2805900930978425E-06 -1.0622860758300668E-06  5.5188200120974716E-07
  1.2869824961693136E-06  5.9053743432737670E-07 -1.2586709611711988E-06 -7.3791197006389950E-06
ORDER     3 BLOCK     3
  8.0434533923472085E-01  5.5573144207233733E+00 -2.6691273059858998E+00  7.2775040369939736E-01 -1.3922027144079350E+00 -1.3421769677525073E+00
  5.4644079231717713E-02  1.4850641466069076E-01 -7.9115435706707524E-02  2.0025942567120820E+00 -3.6995556612980984E-01 -1.0254539336759327E+00
  9.6437632116900251E-01 -2.0161187902362685E+00 -9.2794874163207516E-02  3.2415700593787711E+00  1.3870286502865592E+00 -1.9133788631758986E-01
 -9.1994330825702586E-01  3.1117330897236037E+00 -1.0885012151568876E+00  2.9003142006406906E+00 -1.5266345268646717E+00 -1.6728379731801017E+00
 -1.9707186585229863E-01 -4.4507260379907559E-01 -1.4581322927031140E-01  1.8810762544300852E+00 -4.8267642034669545E-01  2.1341282039550680E+00
 -3.3550144057880473E+00  9.5504690473289533E-01 -3.3855945600448965E+00 -1.1213185288031930E-02  2.4981661113442236E-01 -2.4199529742079878E-01
  9.3063811257960549E-04 -4.5817854345962028E-02 -2.0232663855666624E-01  1.2499865253079983E+00  1.5488845879785054E-01  8.0701183775207311E-02
  3.3951689324560309E-02  1.0470881578283768E+00 -3.4537827572863846E+00  3.5599077713909383E-01 -5.5565516344519916E-01  4.3113005901713839E+00
  4.9908514783555258E-01  7.2340337700892529E-02 -1.4074475692799376E-01 -1.0703732089179374E+00  1.4374573114430574E-02  2.2661498674932076E-01
 -7.3965074487477481E-02 -1.0347112259321518E+00  6.4413356424641444E-01  1.6152031687782353E+00 -1.6122378445530929E+00 -6.9678428033767181E-01
  1.1218793164137859E+00 -5.3129637861659729E-01  2.2073540805246761E-02 -2.3088056614968263E-02 -1.8609020370849438E-01  9.7932395042142839E-01
 -1.2494200536250542E+00 -9.2728528635472118E-01 -1.1820078792777358E+00 -8.5043913378935376E-01 -2.5735661282609543E+00 -1.2197617973557948E+00
  6.5006093053853098E+00  2.0400267148320514E+00 -1.3759474673918646E+00 -4.6290558371573916E+00  9.2378590580252262E-01  1.3868493841210467E+00
  2.4620165946323086E-01 -6.7223404142876539E+00 -9.0972245833021825E-01 -1.4710744407971708E+00  2.8615954975680697E+00  5.2173172484206498E-01
 -5.4506881411221020E+00  3.2276402482373530E+00 -9.4759585536687441E-01  5.4637714766221213E-01 -2.7869877669803618E+00  4.1532993333153083E+00
  2.5623595757415378E+00 -3.9962669396802521E-02 -2.8270059302603849E+00 -1.5163254770230732E+00 -2.8376005125226254E+00 -1.7084574797841576E+00
  2.7842130757872385E+00  5.7555859918515537E+00  6.7409458400970079E+00 -5.7236224381037459E-01  3.3534191157756083E-01  7.9960951304091366E-02
  1.0637927641644490E-01 -3.8356294571186955E-01 -3.0577210345310450E+00  3.2487881748438512E+00  5.3615915007306325E-01  3.2856427952149320E-01
  2.1555778120845534E-01  1.0114423000602444E+00 -1.1122984130453089E+00  8.1733932255578012E-01  4.6055192506644499E-02 -2.9752190206356830E+00
 -1.2539994329973678E-01 -7.7653633836416192E-01  5.1189661968635980E-01 -2.1724441224139017E+00  1.1234623386334489E-01 -1.0632159040613187E-01
  9.6599299725826249E-01  4.8506601109092290E-01  1.5328048221205770E+00 -4.0557191132547414E+00  1.1561396955059049E+00  3.6689852739277251E-01
 -1.3156221296241066E-01  5.8360662158546095E+00  1.3389968846035383E+00 -2.9072650236604870E-02  7.9239205934963503E-02 -5.2531316152676222E-01
  3.9279914054382936E+00 -3.0848828186074364E+00 -3.3340524636977920E-01  1.4723215518261039E+00 -1.7652738242537847E+00  1.2186549313419670E+00
  6.3651173286564311E-01  4.6682260020738264E-01 -3.4890342841105260E-01  4.2722751337619060E+00  1.4352874872024550E+00 -2.1711618221467415E+00
  9.4863402264634489E-01  3.5235949515182774E-01 -1.5303800345211271E+00 -2.0515696052669679E+00 -5.5449053260238768E-01  1.6857953137714181E+00
  6.7000739329006367E-02  1.3348352858985564E+00 -1.0415941464577152E+00 -8.0449003516959883E-01  2.0942425770523552E+00  3.4167699826518405E-01
 -8.3510886109828797E-01 -8.7950648357349193E-01 -3.5282434291931614E-01 -3.9241922661283801E-01  5.2699712147281526E+00 -1.3015223163933567E+00
  8.2689401217979064E-01 -3.4498301224521453E+00 -8.3371501032504813E+00 -1.1042448968441846E+01 -4.4191240953818571E+00  4.6365724542879869E+00
  2.3002470648928282E+00  5.1537879401263342E-01  2.6817746588609897E-02 -1.8328161903327043E+00 -4.4328310367475039E+00  2.5606999336980629E+00
 -1.9876011058147933E+00  1.9213737685744608E-01 -5.0424582337531891E+00  2.1458036349638356E+00 -2.1808827846107754E+00 -6.5505519079158325E-01
  4.1204202852852374E+00  7.5967866612100987E-01  4.5219951169195021E+00 -2.8767977333329819E-01 -1.1721565261005387E+00  1.1602768009304594E+00
 -2.1272939983126036E+00 -8.2491299758350889E-01  5.3010879345885371E+00 -4.0043522608148968E-01  3.8097077843542076E-01 -3.2968353637418524E+00
  1.9099309752269211E-01  3.4211748030231943E+00  1.5847749468291883E+00 -5.0193845967986093E+00 -3.4746452691922110E+00 -3.3861389142828875E+00
  1.8997629226765247E+00  8.0309648733515484E+00  8.2377515711043370E-01 -2.3617853224413218E-01 -2.3483168666301255E+00 -8.4276791652458760E-01
  1.7584490638447214E+00  1.5292148404339867E+00 -2.2399447822989524E-01 -1.4277589910622668E-01 -1.3534277385449822E+00  3.0285270951620453E+00
  5.1222796134623239E-01 -1.9999323124500326E-02  7.4417336126459743E-01  2.3120927934210925E-01 -6.8713754292511453E-01 -6.2927418333228702E-01
 -3.3381315451265497E-01  1.2030395530553011E+00 -3.1680056176656968E-01  3.6669256590872827E-02  3.0933767874252194E-01  5.8173543451824905E-02
 -9.4689073220285996E-02  2.6189563905729182E-02  9.1020686512325244E-01 -1.5436034297607955E+00 -8.8766995876859967E-01 -2.4029161510156236E-01
  1.5365811009951647E-01  1.0002154482894474E+00  1.0139677133396392E-01 -2.0493594420289718E-01 -1.8872990224618007E+00 -9.9210420188959658E-01
 -2.3942598697496636E-01  1.6601759053287934E+00  6.8128174316407730E-01  1.3219851678240391E+00  3.1923344733413617E-01  6.8764048106518061E-01
 -5.2203508699886358E-01 -1.3059216471142915E-01  6.7842547977487330E-02  1.1176562256134095E-01  4.2135189765723735E-01  4.5325061841155939E-01
  2.3698548890879457E-02 -1.2662240743435167E+00  8.7279114120409229E-01  1.2247902682080054E-01 -8.0980572671548179E-01  1.0434098712170674E+00
 -3.7955235724756786E+00  4.5261831086400728E-01 -2.5735404572737969E-01 -3.9756898784720121E-02 -2.4995993703714411E-01  4.3311903571236765E-01
  2.6762828232567393E-01 -9.1264226477741772E-01  1.0014781568017792E+00  1.0836746104967176E+00  3.5665403551128592E-02  1.1372541408039227E+00
  9.6011126210187436E-01 -1.3375561609713393E+00 -9.1000040652757741E-01  3.0874053084453268E-01  4.1001946917797572E-01  2.4166118810666832E+00
 -5.0169209440560225E-01  2.6749677007000656E+00 -6.4294682904094713E-01  3.4949833504700392E+00  1.7261483935944077E-01 -3.9555268055787757E-01
 -4.3883593910625915E+00  1.8861179219413964E+00  5.3679365208484775E-01 -1.2972022535076722E+00 -4.5054910297467526E-01  5.3619134998764995E-01
  1.3791154856982428E+00 -1.6184235407351184E+00 -1.9854473574790363E-01 -2.0417478147500048E+00 -6.2402173086007844E+00  1.1921882619681707E+00
  3.0488693630305472E+00  1.0411991033246251E+00  1.9664021829028455E+00  6.7563214631490931E-01 -4.0794939742240084E+00 -2.0628358361014034E+00
 -2.3478867046704739E+00  4.5437580722581625E-02  9.7722113952952370E+00 -1.2527372159560508E+00  4.2106052282366258E-01  1.1306080273445118E-01
  1.2475408415610618E+00 -3.2066726957827267E+00 -6.1798568977624804E+00 -7.4549945740944974E+00 -3.1771451197996331E-01  5.2853026806182879E-01
 -1.4499040246147993E-01 -1.7396776493658987E+00 -4.6526927788309169E-01  8.0350339349929001E-01  5.0802963914316135E-01 -1.0011347439234426E+00
  8.2569151709334621E-01  4.7519681050963647E-01 -6.0177700340310347E-01  2.2890188291386054E-01 -3.6509840252876979E-01 -1.4663751382015623E-02
 -2.0897740333206478E+00 -2.3070486616769332E+00  4.6710453751197996E+00  2.6270446821031603E+00  2.3928760919655399E+00  4.3350759403330191E-01
  1.0830697003779375E+00  1.0636049988031300E+00 -9.0886667151067690E-01 -7.0580713110107840E-01 -1.2190056022013873E+00 -6.2453813723925888E-01
  2.1156655341604735E+00  1.7463673256390921E+00  1.1330522860966511E+01  3.3180729736022113E-01 -3.8859589955900735E+00 -8.5567653314577878E+00
  2.0180329626390359E+00
ORDER     4 BLOCK     1
 -1.7018071777759129E+00  9.1752396891834227E+00 -2.8267343476992335E-01  6.3449686734247979E-01 -8.1027229898986342E-01  3.3261207840883071E+00
 -7.0380327806965126E-01  3.3443852368707714E+00 -5.3392410232905876E+00  4.3755769159610889E+00 -1.0665900056435157E-01 -1.5919547059124124E+00
 -5.5025894523819319E-01 -4.8447000362787496E-01 -1.1884335876757894E+00  1.7478758260278593E-01  5.9370233184352184E-01 -1.9986295665071843E+00
  1.5022514633186757E+00 -6.5161715754134875E+00 -2.9271359096243577E-01 -5.6860409027374437E-01  4.0698807234795247E+00 -1.8057227951367916E+00
  9.6763294563913160E-01  7.8292899989927250E-02  1.5392878708219517E+00  1.1185481837728724E-01  7.8808226198941378E-01 -2.7343627041827250E+00
  1.5931790960840750E-01 -6.8889181167720159E-01  2.3102387136408238E+00 -4.2709102361960483E-01 -7.3596169929699784E-01  9.0735804844133738E-02
 -2.5310131274288233E-01  3.4626908237721565E-01 -2.3652648775714377E-01 -8.5732403656422040E-02 -5.9976282237531597E-01 -1.0062168048002892E-01
  2.5728376665873971E-02  3.1014967170530600E-01  2.5016244830802319E+00  5.3980252310486310E-01 -2.1468123535302870E+00 -2.7394364808254457E+00
 -9.5165741660027769E-01  9.7293998763070400E-01 -5.0492667424667637E-01  2.1691512826220629E+00 -3.0139477604652348E-01 -4.2986889466606348E-01
 -9.0900756892639001E-01 -2.6383392928564237E-01 -2.8789944411746697E+00  1.8266723109593959E+00 -3.6733641981373849E-01 -1.1764583803962450E+00
  5.7700510926092174E-01 -4.5791280963939462E-01 -1.9055701839226646E+00 -2.1139246986843796E-01 -1.2314211402517004E-01 -1.1082670430787418E+00
  1.8912124317867246E-01 -3.0092333377267622E+00 -4.0118513043470377E-01 -3.6185467609590019E+00  5.6495431557470288E-01  8.8380429364504842E-01
  8.7749862840068846E-02  1.1165910482944175E+00  1.9416155329706755E-01 -2.7174960160733082E+00 -4.2901124329541256E+00  1.1297917319582949E+00
  1.6906306162147933E+00  3.2879882690287601E+00  4.2575243650605432E-01  3.5104756634331360E+00 -2.7341987649653148E+00  2.7577252107483270E+00
 -5.7383349449718479E-01 -2.1979208215942352E+00 -3.9066931541929195E+00  4.2127487068688568E-01  8.3657317146340713E+00 -1.3657810842783494E+01
 -4.8944320282070031E-01 -2.5421545633003313E+00  1.0745095551971728E+01  1.9202847022803646E+00  5.5250175832193915E-01 -3.3095353340779234E+00
  4.9561705456354508E+00 -4.8243255146671687E-01  2.8646371675024889E+00 -2.9977689705686608E+00 -1.0044596071455264E-01  1.9356458056832365E-01
  1.4980450794937594E+00 -5.7141945980906639E-01 -3.7551895128281509E-01 -1.2192835112418836E+00  1.2579204455523003E+00  2.2555734843073663E+00
 -7.5960964341833595E-02 -4.4439819759550814E-01 -1.6262163994405218E-01 -1.4008136776910045E+00 -1.2165857357653103E+00  1.1826883979103049E-01
  1.4181558354080652E+00  8.6311329930170000E-01 -9.4504336325222194E-01 -8.9785582346919623E-01 -2.0266671366486066E-01 -1.9738079851091048E-01
  9.7972447384389094E-01  1.0865037812320164E+00  8.3068846971099342E-01 -1.0196114531920761E+00 -9.2829653933536838E-01 -9.3077937687847911E-01
  7.4037307623178095E-01  1.0102853901864963E+00 -1.5193373743953689E-01  1.9968830154897077E+00 -5.6142545578015768E-01 -8.2379941659259784E-02
 -1.4374145210485116E+00 -5.8426659143006274E+00  1.8894913838391965E+00  1.6107038228750961E+00  3.8526850101434249E+00 -2.0325681320351445E+00
  7.2595921701777077E-01  1.9634519112902449E-01 -1.3760751066958612E+00  3.0351356513595817E-01  7.1975268483040300E-01 -1.3185410385345928E+00
 -1.6447075131076966E-01  7.0363593490339038E-01 -9.6542792122487064E-01 -7.6074684992846331E-01  6.2539321755788524E-01  5.7278688904131814E-01
  1.4181330835694098E-01  3.9634333361350965E-01 -2.3460048572691250E-01 -8.1771073196248589E-01 -6.6491989898227466E-02 -6.9659752842693601E-02
  9.0533610819690946E-01 -3.0306886444253474E+00  8.1098256269315916E-01  5.1406206774994878E+00  1.9955603380628892E+00 -1.8826643953359661E+00
 -4.5979641991399838E+00  1.2417913585647062E+00  1.3786074960373451E+00 -6.4402106754024935E-01  2.7914331424715860E-01 -8.4827155418506262E-01
  1.7609962759095747E+00  2.1838433104755112E-01 -4.1621133610821848E-01 -3.4708604654397002E-01  5.6372584630749891E+00  7.9358390967647729E-01
  7.7823080551468804E-01 -4.6009723011157586E+00 -1.8897013594012371E+00  1.7785487129733100E+00 -2.3728961530048995E-01  5.4340460920136135E-01
 -1.3655902747138295E+00 -5.0399439074167225E-02 -6.7986277616176927E-01  5.1596436774730980E-01 -2.1287046524754238E+00  2.0288314628796808E-01
  5.2710716641460632E-03 -1.3893267494101373E+00  4.6263776910244463E+00  4.0143632922750649E-01  3.4239764623259278E-01 -1.7905925976345556E+00
  1.1284956350324866E+00 -2.2387532316032394E-01  1.0104858349363299E+00  1.9397595698912431E+00 -8.9177257562160894E-01 -7.2440352643347661E-01
 -2.8916753885208637E+00  2.2782563536130088E-01 -7.5500449699276952E+00 -2.6078074183854927E+00 -6.0029746230373879E+00  6.2613228177542490E+00
 -3.2380247983894130E+00 -6.4128717558537229E-01 -8.4832400172691502E-01  2.5598159085676806E+00  1.2208500242581350E+00 -5.9594657729512619E+00
 -4.4509201792298629E+00  4.7684491004466190E-01  5.9056202341482953E+00 -3.2281289985905559E+00  5.4061671756486369E+00 -4.3872812739110199E+00
  2.4160400777170179E+00 -4.2239181272658088E+00  3.5652645854105143E+00 -1.0223609385551611E+00 -2.2062411314992127E+00  1.8030254896946198E+00
  7.3304703640134516E-01 -6.6176319149950125E-01 -7.6381047012793966E+00  6.0001560788938360E+00 -1.9729689175534595E+00  1.1921058730603573E-01
 -4.3892474820579419E-01 -1.1350957587457515E+00  2.5094348484371110E-01  3.4607304093999343E+00 -6.4334100157647189E-01 -4.1695556436145687E-01
 -2.6067371808888824E+00  3.7685555158462098E+00  1.4350579344619696E+00  4.6231703789095768E-01  5.8786745403120289E-01 -1.8635191529198214E+00
  2.3699364960584020E+00  6.0361659411357627E-01  2.2984843111419933E+00  2.3023709118566531E+00 -6.2779507560687053E-01  9.4000558009134028E-01
  1.3038290321622599E+00 -1.6997857489602655E+01  3.3608211253984566E-01 -6.4987360814880879E-01  7.2184887257869512E-01  1.8030097028310585E+00
  1.2982642170964778E+00  1.4228608880471409E+00 -2.8781472290922303E-02  2.6966880816584764E+00  1.0928599820239601E+01 -2.5908243291848421E+00
  1.1557536454025676E+00  5.8370055272473409E-01  5.3094190428045724E+00 -5.0255744367047166E+00  3.7884716838598860E+00  4.3322370306729905E+00
  4.3599009340527042E+00 -2.0406514866212486E+00 -3.6935210930994882E+00 -9.2726530414338431E+00 -7.1713667928992708E-01  3.2652340665766316E-01
  1.5474763342463567E+00 -1.6143787914339149E+00 -1.4906371661144844E+00  1.3844400807890798E+00 -6.3745239080356786E-01 -1.4981941814631865E+00
 -1.4927731879168069E+00  6.9890916111940022E+00 -3.9914281831151985E+00 -2.0165923698846058E+00  2.5146898221593190E+00  6.4147446155556338E+00
 -1.1954571582994389E+00 -5.8685880015619691E+00  2.0200545725117203E+00  2.0420727495088125E+00 -2.7552873474986894E+00 -1.9928189549169515E+00
 -1.2853609853282308E+00  2.9349053749485168E+00 -8.7948042528966497E-01 -7.5162654189749423E-01  3.4535699304006268E-01  1.5752811107074798E+00
  2.4157796791407407E+00  2.9672674421282701E+00  4.1437412514543394E-02  8.1239364372125200E-01 -2.8132172553482677E+00 -7.9688570869704467E-01
  2.0032217914146280E+00  2.7886823263750213E+00 -7.8052096761372161E+00  1.9275466791211020E+00  3.6066646166802849E+00 -2.9073460990283211E+00
 -5.6104943403825665E-02 -1.1165411330961907E-02 -4.6327082241165067E+00  1.9594802729362857E+00 -5.9310198556890192E+00 -2.6142692759926476E+00
  1.4264826520442195E+00  1.1990575163465447E-01  1.1840058633538721E+00  7.0142052130115840E-01 -1.2215375236222514E+00 -2.2136215531556083E+00
 -3.0232625279237663E-01 -3.2245516069352309E-01  4.8450624592338953E-01  5.9544974723605726E-01  5.0264263940221654E-01  1.1372081257689897E+00
 -1.1340157093141059E+00 -2.1009260388287019E+00  1.1053503288184137E+00 -2.7218873662959155E+00 -4.6689515220686184E-01  5.0040449741459780E-01
  1.2359787880075970E+00  1.4755789595341207E+00 -9.0898091757954838E+00 -8.9783202375892268E-01  6.3853565631984708E+00  2.2770632865561362E+00
 -2.3545030263239126E+00  6.1005113670958500E-01 -9.4780209804165616E-01  2.9848289514233182E+00  1.0363063041782894E+00 -5.4392714324107629E+00
 -1.3260162879013111E+00 -1.1707743847162519E+00  5.0141568684330986E+00  8.0942926757645162E-01  2.8351896586191860E+00 -1.1214214986584412E+00
 -2.1576727660082589E+00  3.0773564452179789E+00 -4.7573994434113526E-01  2.9137432733834419E+00 -1.6714612564576636E+00  1.6745523756612282E+00
  6.3139432973537630E+00 -7.6949154733961800E-01  2.1868410488688146E+00 -5.7371905120429521E+00  2.6279988348981642E-01 -1.7652019754312764E+00
 -2.3012738670024753E+00  9.8474607649058987E-01  4.8632954762645042E-01  1.2800198273123027E+00 -1.0417100971087292E+00  3.6148024369700056E-03
 -3.3832761969630236E+00  1.0697901430357445E-01 -7.3493429522288989E-01 -1.4386261727734762E-01  5.8319849439919995E+00 -4.7793152517459347E-01
 -4.4657693423121216E+00 -3.2534780822105254E+00  2.3722172120482763E+00  2.6293000083206408E-01  8.0269568277990055E-01  9.7062825590839819E-01
 -4.5589533937066413E+00  4.9075463898602911E-01  4.3782862385568508E+00  6.4219742037354877E+00  3.8125444877018055E-01 -6.7313097713644032E-01
 -2.5220785455011154E+00  5.8743646073478484E+00 -3.2488104791261612E+00 -1.1117112116660643E+00  2.3825001970585573E+00  1.8445102270725013E+00
  3.9869316794046998E+00 -1.6535654597806639E+00  2.6093674679463428E+00  5.0847042350083704E+00 -2.1935544960106976E+00  1.0924078074829715E+00
  7.1275872616386424E+00  6.1794407963939815E+00 -7.5138314180933174E-01 -3.5411444481500792E-01  1.3195385226346454E+01 -4.9467283234865906E+00
 -2.6690762587157382E+00 -8.6918250570077724E+00 -1.3423303231039058E-01 -3.6192020521231999E-01 -3.2068696084622796E-02  2.7214770908298824E+00
  5.4601637350553318E+00 -7.2378178773751897E-02  5.1164128434982814E-01  4.1137876251748082E+00 -1.3369881964248620E+00 -3.0648916955425609E-01
  6.9576279029169874E-01  1.0001036217756665E-02 -4.9659041635788377E+00  2.8780503809994101E-01  2.0584936574741062E+00 -1.9374442841647660E-01
 -3.3214102850101082E+00  5.0486519064839177E+00 -2.3758263373720738E+00  2.5275552574680735E+00 -4.1757997150243416E+00 -2.4561052540382722E+00
  1.3931553585313381E+00  1.1350319085365405E-01  4.6865676160651981E+00 -7.3960954760220110E-01 -1.2246438801505108E-01 -5.3769328963391327E-01
 -3.1719393150220370E+00 -1.1750256390969542E+00 -1.0473431281009178E+00  5.0669571149589183E+00  9.6825985390138214E-01  9.7964198775583022E-01
  3.8576055219735506E-01  2.4641028218619687E-01 -1.3816905518402183E+00 -3.9137246845322924E+00  1.3526381330329016E+00  3.3436530967350206E+00
  3.1084043639794512E+00 -9.2489849978850147E-01 -3.0695736288545633E-02  3.5485709204074639E-01  1.5933460437489194E-01  3.4724602262995439E+00
  6.8639360740665414E-02  5.0252995663399003E-01 -6.2903293529093744E+00 -3.4341589033605269E-01 -3.5732437389914778E-01 -2.1712558781354141E-02
 -2.4124173142820257E-01  7.3944434099991768E-02 -2.3326870520842320E-02  5.4133673958528905E-01  7.5512163855990122E-01 -2.6192627014376337E+00
  4.5419841736988759E-01 -4.6870121169228435E-01  1.8108411080917972E+00 -4.3898504113211514E-02 -5.2030181920282255E-02 -3.3481208489905184E-01
  1.2026636493632901E-01 -2.1596722943048363E-01 -1.9380246986933118E+00  6.8043159879637238E-01  1.0103687117093740E+00  3.4414055225213009E+00
 -8.2159691961993031E-01 -7.8436227280211890E-01 -1.5616835574378381E-02  1.2106361318109304E-01  1.4439826643201845E-01 -6.8694497266320945E-02
  1.4190366213289463E-01 -1.5246464117983425E-03  3.7963149691509166E+00  2.6577851246437527E+00  1.5438793841919121E+00  3.0986238950068706E-01
 -3.9106986797925996E+00 -1.3804339851218934E+00 -6.2436275589100554E-01  1.6593527080535839E-01 -1.8092893205516622E-01  4.6294381235019255E-01
 -4.4540233584258665E-01 -2.1366539561243064E-01 -1.7179082316586707E+00 -7.3928939798581550E-01  7.9753172491959290E-02 -1.9417233751025362E+00
  3.4237220446186418E+00  2.2192300155786657E-01  1.0080017465805327E+00 -3.9053952071437331E-01  6.9529184897865615E-01  6.1929995731514942E-01
 -1.7085851558598261E-01 -3.6982506203377480E-01  2.1355088109400983E-02 -1.6814086751672954E+00 -3.2904606548344623E-02 -3.4546136812267783E+00
  1.5258625479581840E+00  2.0191064819636768E+00  2.3478175931337075E+00 -1.5602406484247817E+00 -2.5425175553962647E+00  3.3220191366870289E-01
  4.0717140197010504E-01 -2.2792971057105343E-01 -1.5073122271677092E-01  6.3535879738321366E-01 -2.8684303972770192E-01 -6.2315597704057993E-02
 -4.1663035268813620E-01 -7.3485179200552264E-01  9.6342476687199108E-01  7.2309929466188883E-01 -5.3830917504330233E-01 -1.0791212034207365E+00
  1.7334312467997206E+00 -2.3384837585428451E+00 -5.3863545072617855E-02  1.9830138634716865E+00  2.0338144659048383E+00 -5.5294753172010713E-01
  2.5383069066046821E-01 -1.4140282485177038E+00 -1.1177465707201737E+00  2.4364067057126451E+00  1.0577648078217252E+00 -4.5192688010283544E-01
 -5.5346547401681017E+00 -2.2046493477281359E+00  9.4617662728445617E-01  6.5604588565953081E-01 -2.2319353775306441E-01 -5.7413547986833524E-01
 -1.6457478219548355E-01  2.8751041208519279E+00  7.1798114011643444E-01 -2.7594430170074202E-01 -2.1964135113083680E-01  5.3701934879561979E-02
  2.3992378571342513E-01 -1.2691653207478371E-01  3.2897256839169546E-02 -2.7336964788278033E+00 -7.2791364765176836E-01  1.6179226088263213E-01
  5.5729668335473814E+00  4.0183550633415077E-01  6.2889794770245727E-02  4.5468006783099324E-01 -1.2531215972422005E-01 -1.6911805748639216E-01
  8.8468987652407891E-02 -1.0047761586209487E-01  5.3528882740659756E-02 -1.9905172121575665E+00 -2.0616929674106115E+00 -9.9582810901606389E-01
  1.4388729765858699E+00  6.8678315718929328E-01 -9.5231367884449203E-01 -5.5622200717189219E-01 -1.2556778853221739E+00  9.7725056285806078E-02
  2.8283392609501070E+00 -1.0422251002615646E+00  8.0263636539988081E-01 -9.5921926117663558E-01  1.0711242644502970E+00 -1.2714496186442894E+00
  9.5364996134921179E-02  3.3712909047836642E-01  4.0571909618255408E-02 -1.0679612890287037E-01 -1.8971035393018021E-01  2.8368890237256372E-01
 -1.1948138009461480E+00  3.2311874258726275E-01 -3.2490061307876206E-01 -2.6791073137603649E+00  3.0776041836962914E-01 -3.1455355001720027E+00
  6.5159038192504806E+00 -1.5213800586940336E+00 -1.0022461507078584E-02 -1.9006875801705871E+00 -4.9884954145379534E-01 -1.4400468126933941E+00
 -1.3467477992889438E+00 -1.5433425936751888E+00 -3.5247031814975873E+00 -3.9151185260454396E-01 -8.1109791969653811E-01  2.4452132108384363E+00
 -1.7251343790213167E+00  1.2986622747460839E+00  6.7817635367395246E+00  7.9877318343571058E-01 -4.3594413786050246E-01 -4.9014539991568080E+00
  5.0884806026317264E+00 -2.3462825355841530E-02 -5.4161449262685926E+00 -1.0728011171317162E+00 -2.5761927485231295E+00  1.1019975693177968E+00
 -2.6661744367252047E+00 -3.8111730233636907E+00  1.2330355049169934E+00 -2.7664507088880880E-01  3.5688843850209295E+00 -1.2351045918102688E+00
 -3.2752583953741571E-01 -1.6870431796497878E-01 -3.8477840978748188E+00  2.8421298312617105E-01  1.1961780450031883E+00  2.7809151743525393E+00
 -4.1453448790835640E-01 -1.5919919072283857E-02  1.2107243493662161E+00  4.3950831062969353E-01 -1.8499743431024454E-01 -1.6922273014948352E+00
  9.4464467486284887E-01 -2.3946967023047727E+00  4.3735981123753387E+00 -1.4485244353152657E-01  2.1655902790935571E+00 -2.4417251736829129E+00
  1.8928190383507866E+00 -1.2487155660680557E-01 -3.7483649300257368E-02 -5.5827064429273925E+00  5.7743929207972347E-02  9.9252741903648278E-01
  1.1337884541044049E+01 -1.8710583892549495E-01 -1.0466654544063170E+00  7.2439064317879409E-01  2.2912556486603669E-01  1.0146973538118844E+00
 -1.0459044365472883E-01 -8.2791541474073194E-02 -3.8937020279282688E+00 -7.8604903542339816E-02 -4.8344536887208345E-01  3.7881848977779953E+00
  4.0558500017259652E-01  8.8507899254144540E-01 -3.6338317245469470E-01  5.0580273652770846E-01 -2.4616902762385506E-01  1.2870392500286557E-01
 -1.5986887993623247E-01 -1.1212016506589732E-01  2.7677219594283784E+00 -3.6060917051315933E-01 -1.5918196222716134E+00  3.3484127906352190E-01
  1.7710146647328400E+00  4.3018415280573385E-01  1.9023619942594094E+00 -1.2671935071693325E+00  6.8286908262797918E-01 -5.5718592590929539E-01
 -7.7740488349542591E-01 -6.4290563688632640E-01 -1.3070364298470047E+00 -4.8318789629948791E+00 -2.2313076623005292E+00  2.3198072565953813E+00
 -3.4578656390597278E+00  7.2123123275940548E-01 -2.0254620012421425E+00  7.9557201665707000E-01  1.5800451400877129E+00  3.1913281945591276E-01
  3.1251495895169834E-01 -1.5390465141113106E-02 -7.4182835585115223E-02  3.3655104156353577E+00  6.2083499316975133E-01  4.5739054974999966E+00
  3.2499202118014087E-01  1.0632025093096578E+00 -4.8114274718820838E+00  5.4881527228369686E-01 -1.0699837876204912E+00 -5.0991500040782762E+00
 -7.6319080002679507E-01  6.8955090098579674E-01  6.6158811737267886E-01 -4.5057192631850668E-01  5.7580440881455697E-01  8.6579674030059350E-01
 -4.8721174844208823E-03  4.5020425934749531E-01  5.6731664162151043E+00  3.3089865105534826E+00 -3.5238902327812971E+00  4.2308725029773804E+00
 -8.9862277617388214E-02  3.3994149174161050E+00  3.7361596070243528E+00 -8.2338358252993238E-01  1.1118528611064160E+00  9.1870268711063885E-01
 -1.2711265705120034E+00 -3.4539156885502897E-01 -7.1339232613292403E-01 -1.1867587590863748E+00  1.9157478422985228E+00  3.2347345425909344E+00
  3.3345255370851596E+00 -1.6240608651840505E+00  9.0836045269008714E-01 -2.7296020934010774E+00  8.7643338904396351E-01 -7.8210363727189602E-01
 -2.1206992841721628E-01 -8.4575756430578608E-01 -1.2556084155110994E+00 -2.9411079086509589E-01 -1.2931147871627763E-01 -9.4412197747238036E-01
 -1.6960291392950346E+00  3.0521671373181547E-01  2.6571142684821720E+00 -9.2590569369385829E+00  1.3502870683766066E+00  1.0433812203942401E+00
  7.2609073771552701E+00 -2.3786613789394644E+00  3.0686724525109192E+00 -4.1775219318849921E-01  3.0984035528124498E-01 -6.3644165209030379E-01
 -3.4228313156525103E-01 -3.4350443320210572E-01 -2.1264678934171761E+00  1.6011479607710373E+00 -1.0930438354250529E+00 -1.7183145755785922E-01
 -4.7815681784750526E+00  4.5183665249151685E+00  3.2317505223319909E-01  3.8670722602462182E-01 -3.4284972604394959E+00 -4.9800602755812029E-01
  3.5219389901122566E+00  5.2606421826816607E-01 -7.1437251607309252E-02 -3.9082728629062763E-01  9.5075248092600040E-01 -1.7200797718603105E+00
  1.2442278744467294E+00 -8.3910841435028327E-01 -8.1170398954398966E+00 -1.9318021494969724E+00  3.9471922536173443E-01 -1.0121930130501983E+01
  3.9409501332834012E+00 -3.7562875585407736E+00  2.6969613315263397E+00  2.9987062610776616E+00  5.0017114718068250E+00 -7.2771848853324106E-01
 -8.0897451933112463E-01 -4.1061242540421086E+00  2.1929538723134048E+00 -1.7293399110463192E+00  9.9209704581723457E-01 -6.5967492960292207E-01
 -6.4429724207764805E-01  3.7567280747460297E+00  2.9494974264358625E-01  2.2238076204952923E+00 -1.1450047183072418E+00  6.6295158520821840E+00
 -2.3581276678466662E-01 -9.7785567255342478E+00  7.1891741202276671E-01  3.2795618767528287E+00  6.0436665481925567E-01 -3.9817266597017259E-01
 -2.7513964778268876E+00 -6.8651885863581452E-01 -2.2821049251517942E+00 -1.6105698464975358E+00 -3.0361263922848192E+00  5.3573065785254519E+00
  2.6300153964549794E-01  4.1842571276426194E-01  3.7303374675434797E-01  1.2184933473169060E+00 -8.0546888101071890E+00 -2.0356241898754677E+00
  2.7359913574548878E+00 -2.4659870129860562E-01  1.0743279785932978E+00 -2.9902260036038943E+00  1.6200917000355306E+00  8.2079649831482060E-01
 -3.4978214798027946E-01  8.5768314707890809E+00  1.6044322235144344E+00 -2.8373411214571478E+00 -1.6267108655840605E+01 -7.6507716172537121E-01
  1.7569335303973277E+00 -2.1512722319726745E+00 -1.7424012574677586E-01 -1.8415866868631803E+00  2.1010407911652518E-01  9.5922004376614120E-02
  9.0563494922447169E-02 -7.4926781643412085E-02  1.6595357383136211E-01  1.4996247306754687E-01 -1.5125107607056973E-01  2.7893441730574686E+00
 -1.2310997308738576E+00  1.0243417876821370E+00  2.9256644688018862E-01  1.4423502882356771E+00 -1.8424362496391404E+00  1.8435270602121272E+00
 -6.6750577782804665E-01 -2.7140276968116461E-01 -1.5178925342580349E+00  2.0458372728763612E+00  5.0831525578754040E-02 -1.2330959584001668E-01
 -5.4361963564510528E-02  1.7810128513170612E-01  4.9158452611539072E-01 -1.1837080369319160E+00  1.4576640091300410E+00 -1.2514127540792791E-01
 -2.5466951477505284E+00 -4.6144980125105861E-01  3.3057409711535488E+00 -4.6065370753237520E+00  2.3387592809810698E-01 -2.3407644359288358E+00
  2.9180677013190243E-01 -7.7887444048688526E-01 -7.2534756018977875E-01 -7.0108081816924250E-01  2.9603358196498366E+00  1.9265596210820579E-02
  1.2320273598304707E+00  2.9762802560074009E-01 -1.1786623907627796E+00 -1.7832979185539797E+00  6.1385203427498407E+00  1.1909963654464470E+00
 -3.0894874178450076E+00 -1.1373118565089986E+00 -5.6188422089010592E-01  1.3607884967593480E+00  2.3740632702006806E-01  3.2251338413790065E-01
  1.6667253146626388E+00  1.1879166408126011E+01 -8.6545703296071141E-01  6.1480656604630324E-01 -8.4114016610100890E+00  9.7356727241441054E-01
 -1.1293186040010653E+01 -2.9342883502134560E+00  2.0912844158102809E-02  1.6190638801599340E+00 -1.6816646052292898E+00  8.1402945315857544E-01
 -9.8608794433009761E-01 -1.2292349612787585E+00  1.2663459834551176E+00  4.6886897082191048E+00  4.6474546636919785E+00  9.5525583067813313E-01
 -4.5819998026891389E+00 -2.3451043716350033E+00 -1.0117515317643619E+00  5.3377847718456692E+00  2.5026802196140829E-01 -9.2054147701298594E-01
  5.0280587584615786E+00 -8.2806598236899180E+00  1.5932307085650903E+00  2.6685797723465723E+00  9.5812800455373182E-01 -3.2498065615042875E+00
  1.0210385799763956E-01  2.0969481735524442E+00  4.2622546471932277E-01  6.3487030997912794E-02  2.0320854007793421E+00  7.6293328264544147E-01
  5.0944391199533614E+00 -2.1658829864114063E-01  1.7114395962787441E+00  1.6293286936381426E-01  1.3149285952815897E+00  5.8736783643776913E-01
 -3.8264620877910329E+00  2.7626716246662095E+00 -1.7579932032655160E-01  1.2002173260849194E+00  1.5754919294814589E+00  9.3617221126479355E-01
 -2.0760606001812296E+00  1.1882094406342085E+00 -1.6568057438331147E+00  1.6753168270936367E+00 -2.6942725980090353E-02 -3.6498362283606967E-01
 -2.2303750021710251E+00 -1.8412134393846920E+00 -2.7232947472687834E+00  1.0212575358253004E+00 -7.3657947574243676E-01  1.8892616896063186E-01
 -5.0048530346505971E-01  5.5204023440262917E-01 -9.6133639167080856E-02  1.3381752863975205E-01  2.9845949636358284E+00  9.6437017601526218E-02
 -9.2009525838752637E-01  3.2560616949829648E+00 -1.7147967020335389E-01  7.7351130238397670E-01 -9.7408957335975738E-02 -1.4353317028759268E-02
  1.0098375574999595E-01 -1.6812891861506934E-01  1.2992909104869163E-01 -1.7358087009916778E-01 -1.1104358880199940E-01 -2.2739625546680227E+00
 -1.3174249157602794E-01 -7.0225431508499425E-01 -8.1962406095775431E-01  1.9937543219595812E+00 -2.4698583037008102E+00  1.4053002214371373E+00
 -2.3120741545795620E-01 -1.5739141881195984E+00 -1.4164130163441042E+00 -3.2314553470567675E-01  2.3060212447707684E+00  6.3744880706311380E-01
  3.9268696464743491E-01  4.9604025360191889E-01  1.3188484244590878E-01  1.2772567302101295E-01 -2.5473207905385448E-01  1.0028328823851214E-01
  3.2545959498855281E-01 -9.0430501773967553E-01  3.5090383348870757E-01  4.7108338394804489E-01 -3.4518494939076549E-01  1.6932607992902813E+00
  4.4497200650769636E-01  7.4168788561728816E-01 -1.8934557337710189E+00  3.6129374967589656E-01  4.3696405231880209E-01  1.2606474000086663E+00
 -2.7262252757728622E-01 -6.3635739107055903E-02  2.5486881415478579E-01 -3.9033914417584664E-01 -3.8241147942795395E-01 -9.7250611359084116E-01
 -3.4099455199450712E-01 -1.5647419799116347E+00 -2.6717991658825180E-01  1.2726099576929937E+00  2.9651474868128785E-01 -3.5465727180251555E-01
  3.7341330381916060E-01  1.4957335443633296E-01  9.3133867368707157E-01  1.0344696054494662E+00  2.8574822793308909E+00 -1.6178757473890075E+00
  2.9726729015352232E-01 -1.8065981317258639E+00  2.4213521606981931E+00 -1.6379866004219352E+00 -1.4120097400999674E+00  7.4916052433384187E-02
  6.8874775569628177E-02  7.5260107744755844E-01 -1.2557864799514122E+00 -7.5684845324385153E-01 -6.5250297638144583E-01  7.8678640482684625E-01
 -2.7961496472747011E-01  5.0723984958417578E-01 -4.3693007468554868E-01  2.1122473956311563E+00 -5.2045682118089631E-01  2.7036978438633896E-01
  6.8071570850684076E+00 -2.1197075325149689E-01 -4.8696411932959158E+00  5.6262014723677867E-01 -1.7693602844420608E+00 -7.0369665342868393E-01
  5.9142324639941446E-01 -1.5201808855181860E+00 -1.6967418012282172E+00 -4.7936415019120054E-03  1.2393168945765252E+00  1.1741872957936643E+00
 -3.5262683059641448E-01  2.8852121255006780E+00 -3.8117643543108897E+00 -2.6558876603648390E-02  3.3034499380666099E-01 -7.3006944340301982E-01
  3.6316382380745478E+00  4.1986898438502909E-02  8.0389596918795536E-01  1.1254629063373429E+00 -4.9993369053441619E+00  1.1481844569984184E-01
  4.1897800049872282E+00 -3.1506929523270233E+00 -5.3223470113534899E-01  4.5186643689259869E+00  2.2182705396626146E-01 -6.1091990848972233E-01
 -5.4563995371503138E+00 -6.0338364772196806E+00  9.2042477075284912E-01  5.9005510856153762E+00  1.3735188127383715E+01 -6.7819073669221031E-01
  4.8883848813123498E-01 -2.1108070226628268E-02 -4.3127713323943870E-02 -3.4432828241316843E-01 -2.7297324404056678E+00 -5.2444611300331900E-01
  6.0755110499356862E-03  5.9034246013546561E+00  3.7905984002289461E-01 -4.5156166838645562E-01  1.9139714867788468E-02 -4.1428683772975906E-02
  4.8560673423041684E-02 -1.0027426883124894E-01  2.0698458761651653E-01 -1.1897239449860677E+00  1.1977765448812475E-01  2.0072650170055714E-01
  1.2872783358945125E-01 -1.3931081878536378E-01  4.4218843696977850E-01  1.0805864104227891E+00 -3.1087505761332440E-01 -3.1021151471440986E+00
 -8.3247159569615181E-01 -4.2176976884527889E-01  2.8952882286378029E-01 -2.1373688279294396E+00  2.3003116865454640E-01 -6.8866595974622624E-01
  4.2232742662594402E-01 -9.8056312658295330E-01  1.1345199525610501E+00 -6.3073758865661655E-01 -2.0644096132972187E+00  2.8208102685562984E+00
  2.3463757209498040E+00 -8.3738989320318158E-01  1.6988927752512747E-01  1.1708076570423764E-01 -1.0591884798430560E+00  3.4476120495941676E-01
  1.3693460199576173E+00 -3.1931088427009482E+00  2.2816827092969985E+00  2.1764208914792769E+00 -6.2498926158286772E-01  2.5485873984740015E-01
 -1.9733783220064749E-01 -3.8218860629608825E-01  7.2331296484457119E-01  3.0383058797873814E+00  1.4307107557822272E+00  1.6884046633871126E+00
  3.9573458400741390E-01 -3.8185808349921038E+00 -1.9590612733083841E+00  1.7738019093627370E-02  2.4726133776309303E-01  2.8715404091350560E-01
 -2.5121191318612429E-02  8.1397682026597279E-02  9.2216701359710884E-02 -8.9660026488213684E-01  1.0905635281575302E-01 -4.7569597877252440E-01
 -3.3847337078628903E+00  5.3600123445905465E+00 -2.3054412327279716E+00 -3.7520370350211851E+00 -6.4433591003667523E-03  5.0770754352604341E-01
  4.1322130300841092E-01  2.1686788840564302E+00 -3.3516819245069940E-01 -9.8086766180730489E-01 -8.1001184189245123E-01  2.5789148379586602E-01
 -4.7782660203589717E+00  2.2097904323686950E+00 -2.6859373432090300E-01 -4.4707418748629708E+00 -3.3661978665307943E+00  1.4085434701892277E+00
 -6.2956701298095885E-01 -5.0754067128978075E+00  6.7144948719168329E-01 -2.2689638677486926E-01 -2.5868545983481772E-01  3.6045624961110823E-01
  3.0883945874829957E+00  8.0110953598630263E-01  5.5548845760778309E-01  6.3091389857286309E-02  2.0245385771083262E+00 -1.6781689419274055E+00
  2.9562570127804733E-01  2.2168298209578641E+00  8.0049599934579596E-01  4.6351610125280562E-01 -1.7967058275952412E+00 -1.5505796505969422E+00
 -1.6925525701535025E+00 -1.2595561038305676E+00  4.9145445066006882E-01 -4.7792141296340889E+00  6.6727117095134520E+00  1.3023080602808519E+00
 -6.2189561906745476E+00 -1.2175584316937440E+00 -1.9352568374708035E-01  2.5604406145079714E+00 -2.0053083106713947E+00 -6.4562561994629297E-01
 -6.3263087181980537E-01  5.2849761086386615E-01 -1.7291247892497454E+00 -1.4963269144383113E+00  1.3317844073987226E-01  2.5076990271441200E+00
 -3.8217637916068368E+00 -7.3296987925684274E+00 -3.7164953231296349E-01 -3.4274364307156917E+00  3.0276005505750829E+00 -8.7628961955303453E+00
  8.6965036499678554E+00  9.8026333004696777E+00 -6.7925028875046900E+00  1.5969994319062070E-01 -3.1656152631731747E+00 -2.8930058486139703E-02
  4.6353507560167815E+00 -3.4491486642703395E-01  1.7809638948670891E+01 -1.7120982148453198E+01 -1.2245186648990970E+01  1.5116748561677857E+01
 -5.4074219223488269E+00  2.9631758019180108E+00 -3.6731791881949000E-01 -1.0329913363641163E+00  1.0235379676054908E+01 -2.2454608337151134E+00
  4.2512181295480517E-01  1.7279807308449013E+00 -2.1389653062344127E+00 -1.5966794899071232E-01 -3.8121060435798602E+00  4.5858710181127527E-01
  3.2116451253104854E+00 -6.5021268071269400E+00 -2.8243792897556816E+00  6.1302181001967639E-02 -2.5884585495266217E+00  2.1636757884882210E+00
  3.8383943951429425E+00  1.3514651350731297E+00  9.1090787693279218E-01  4.3082444810716831E+00 -1.6363391948041055E+00 -4.6806375068471612E-01
 -1.9432686646730859E+00
ORDER     4 BLOCK     2
 -7.4706546690129239E-07 -6.1772946173448807E-07  1.0877757292001392E-08 -2.6430969402770374E-06 -1.6870107571047675E-06  6.7640252131854784E-07
 -5.8899354279165898E-07  4.0889593506577925E-06  6.6842570174599841E-08  5.8366395569382737E-07  6.2685829888518933E-06  1.7225821393944314E-07
 -2.6154497520467109E-06 -8.8102819425413827E-07 -2.0427309740240226E-06  4.9535902181408321E-07  1.6272084653088248E-06  3.4625748596007422E-07
  1.6413612525339765E-07 -1.3475993598435158E-06  1.2200449832145615E-06 -2.4151813580582344E-07  7.5425177766432329E-07 -7.6964824127355023E-07
 -1.4437445211988909E-07  1.2432685352845125E-07 -1.7086886070781984E-07 -1.0506051129403943E-06  4.3619316075517304E-07 -2.1668470112379207E-06
  8.9092993975480788E-07 -3.8271993673429086E-07  1.6207940964691425E-06 -3.0579983738822514E-08  9.4886496628259563E-09  7.2915005364201754E-08
 -1.3047867106526808E-08  2.4208856996190912E-08 -2.8342853553231650E-07  1.6144576211988585E-07  1.4169064474551400E-08 -1.2093632201727809E-07
 -4.3112729451268754E-08  5.6895151572206103E-07  2.2646615433223626E-06  1.6504292537089740E-06  2.0084100125765072E-06 -1.6084511291158239E-06
 -1.3506965450246879E-06  1.0529495665732784E-07 -9.4172216645131521E-08 -6.7021634310452053E-09  2.4656626528988328E-07 -1.2372671050727253E-07
  6.6593339630885020E-08 -6.2197028946918441E-07 -2.4903295314472994E-07 -3.3406973635099576E-07  6.0148261818258626E-06  4.1217825104259658E-07
 -5.8268952397357848E-06  5.3577052197477157E-07  1.5334004479127639E-08  3.3939798808121404E-07 -6.1922440402491857E-08 -3.2388302661170446E-07
  7.4543850506543024E-07 -1.0780884064788828E-06 -2.0727563830171970E-06  3.0902440945933853E-06 -6.0050695209984679E-07 -3.3526701364707354E-07
  5.7889334806545107E-07 -2.5543152248960300E-06  2.9718826709320485E-09  2.2232659519457493E-06 -1.3250668466551262E-07 -8.9474130655912973E-07
 -2.8186177661017438E-06 -2.9123022901062354E-06  2.7560975410657040E-06  4.2229549929969818E-06 -2.1487784608856592E-06  1.8854040835700005E-06
 -9.2162872708364433E-06 -3.1101002902855709E-06  6.5596554564263077E-06  7.3587301901648046E-06  2.4079069102489592E-06 -5.3371811800858682E-06
  5.2798226957136609E-07 -3.5708035805689652E-08  1.4210432627939483E-07  9.8402435000086318E-07 -2.8691488235565304E-07 -4.6648113776457998E-09
 -8.7595362444813651E-07  1.1276124212092608E-07 -3.6569117305071272E-07  2.7889537612406227E-07  5.0822923342062588E-07 -1.5405473094060461E-07
  1.2782897934826917E-07 -1.7620473147622954E-07  1.1176623855068263E-07  2.2744160988583509E-07  4.4233208864725813E-07  2.0240981657718672E-07
 -1.4279791495080617E-07 -1.8813953472295307E-06 -2.1132879459160953E-06 -1.5258257310685101E-06 -4.6281878489739868E-07  1.8220139033549314E-06
  1.2487673544157242E-06  6.1632991171086172E-07  1.9025235059268398E-06  6.1647530701995551E-07 -1.6828745458100574E-07  8.6634596219070340E-08
  7.0912498349386029E-08  2.3640604148103702E-07  6.1762245586932458E-07  1.4887639599175428E-06  1.1832289780015918E-06 -1.1367444970079896E-06
 -1.6345877261091314E-06 -4.2316411014021462E-07 -1.0722742086882199E-06 -1.6226544139502998E-07 -2.2029690067922263E-07 -8.8442608823204355E-07
  1.9267511901006073E-06 -1.4912138556721606E-06 -1.7522026064962576E-06  9.6805097546805477E-07  6.5517990450128261E-07  3.3861572507135279E-07
 -8.8010975657036636E-08 -7.7632888628737123E-07 -7.8030394847021596E-09  7.0077541414593947E-06  3.1758822495047256E-06 -2.1650236888678496E-06
 -5.4547196479934513E-06 -2.4482614182460219E-06  1.7473927242709771E-06 -4.0361370808968136E-07  4.3832996334826279E-08  9.0261731936674082E-08
 -2.9287759643402410E-07  1.0361706039714404E-07 -1.4493140076689888E-07 -1.3033256419641539E-06 -6.9996476800902213E-07  5.3078115250406559E-07
  7.2770671996977090E-06  4.1227119402671655E-07 -6.2873026176361340E-06 -7.6979902080605907E-07 -5.2217491062544931E-06  5.6706391952150106E-07
 -3.0278504815167799E-07 -2.1344385832861618E-06  5.1625614977832402E-08  7.6951415780390479E-07 -3.5063921454107075E-07 -2.1554236050627386E-06
 -7.5083134033086965E-07 -1.5292433284644755E-07  1.0574636288866017E-06  5.0027133391392079E-07 -1.3655813560845784E-06 -6.4364347590351503E-07
 -1.7056507502813600E-07  3.5439228579131037E-07  2.8800577146632066E-08  5.7426122128009388E-07  5.5735979125436896E-07 -3.2380539491119618E-07
 -7.2063135543249085E-07  1.6679659413399022E-06  3.5457378085531440E-06 -3.6059144381994006E-06 -1.8752009090989071E-06  3.3071687583594916E-06
 -6.8293257913123375E-06 -3.6555152215804042E-07  2.5284067370850616E-06 -1.6633676961946089E-06  4.9808133936641725E-08 -8.5537999761952429E-06
  4.4754076458714733E-06  1.0037545358686644E-06  5.9073957089481660E-07 -2.4591757154416394E-06  1.2343060579081360E-06  2.5942636984528019E-06
  2.0493258311095563E-06 -1.0249753886471025E-06  2.9330123432475449E-07  5.5120279739527022E-08  1.6727776442684945E-06  4.8327563462980903E-07
 -5.4006942419163063E-06 -4.1569029269394586E-07 -2.2861429995742085E-08  1.6471016884018344E-07 -7.9606491695370956E-08  4.2600921760873262E-08
  1.9962911773801485E-07  2.4234830503385073E-08 -1.1609085063778105E-06 -3.1657445411798951E-07 -3.4973471290053424E-07  2.2944970064946221E-06
  2.5165198308719278E-07  2.9840553586757089E-07  7.7199146792456195E-08  2.5906036600779742E-08 -1.4841580345773125E-07  4.4988223890367497E-08
 -3.9187587121931429E-08  5.0725096708416677E-08  1.9445273095939556E-06  1.7441321311733298E-06 -1.3463521965023655E-06  1.1298536056266944E-06
 -1.9387131660106746E-06  1.3863753396440766E-06 -1.9041054305138809E-07 -1.7169101980443468E-06  1.1641386522865485E-06 -1.7855873342517267E-06
 -4.7311770938827185E-07 -1.9117346461207830E-06  2.1871373636639526E-06  6.9040001849328589E-07  2.7083925439707497E-07 -5.3955309580100280E-08
 -1.1235024871394027E-07  3.0581452534838976E-08  3.7680947261674838E-09  8.8900075280816624E-08  5.7116904709727792E-08  4.6134498132402577E-07
  1.1431393514100543E-07 -1.4642239533701193E-07  2.5709130645275687E-06 -6.1117894133956579E-07  2.1710752949394093E-06 -1.9937062824892566E-06
  6.2207844532490171E-07 -7.3194274488553862E-08 -9.1336499340255307E-08 -1.9534390755148532E-07 -2.2752238774756609E-08 -1.1423046074128493E-07
  1.0583221173275049E-08  5.2945941901483000E-07 -1.0048968256756600E-07  1.6714601948006833E-07  3.1891179183013782E-06 -2.1497312810945885E-07
 -9.5388898171745846E-06  2.9683469582043080E-07  3.7535172940906459E-08  1.1384235712170989E-07  4.2291779078754256E-08  1.9301567257050480E-06
  1.7141686123204222E-07 -7.3531632001814968E-08 -2.2805298091758648E-06 -1.1017562364552500E-06 -4.9232267538197641E-07  1.9346995505870414E-06
  8.0364068882831449E-07 -3.8649828364176721E-07  9.8759153023328429E-08 -2.8106166444916818E-08  5.5672428602376468E-08 -3.2291192943736061E-08
  1.2675962991394935E-07 -2.7830901496470481E-07  4.0343433246912771E-07 -3.6112440338242312E-08 -2.7327471673346162E-07 -6.5690810598711873E-09
 -2.9375784505412260E-09  2.7813965143797848E-07  1.1993929852285284E-07  5.9732310195063908E-07  1.2000554178863358E-06  9.6752959332525258E-06
 -1.0833029062358585E-06 -1.4702753399821008E-07  2.9844032584442301E-08  1.9546849722655467E-07 -3.7717414104078293E-06 -3.9228824592428761E-07
  2.7247736559920687E-07 -1.7047639784299687E-07  1.9221477174909068E-07 -1.6517878022626317E-07  1.1346082131758374E-07 -3.2172081496115125E-07
  1.3147719884995939E-06  6.5025731269505813E-08 -6.4615021903936575E-07  5.5199319132187031E-08  1.1688659774717762E-07 -9.8890466751049941E-07
  1.3173777431621043E-07  8.8632189034084435E-07 -1.9514893474290138E-07 -3.5084027824800266E-07  5.2080982745319447E-08 -8.5664051194940045E-07
 -1.7442722173203410E-06 -7.4640634218000798E-06  1.3998684723339136E-06 -9.0618946421247565E-08 -1.8685213996728848E-08 -1.3347680097462311E-08
  3.0416184335971727E-06  2.4447511839629855E-07  1.7813855578302598E-07  1.0352842223321630E-07 -8.8475673310713664E-08 -1.3733526955127808E-07
  1.8132937561353398E-05 -9.4771613118845663E-06 -8.4198671987420751E-07 -7.5778853491106905E-07  2.3185578317534474E-06 -4.0146291189591950E-06
  3.0679387901861670E-06
ORDER     4 BLOCK     3
 -1.7018090768368839E+00  9.1752333617078694E+00 -2.8266925868575232E-01  6.3449543809749354E-01 -8.1027292334328305E-01  3.3261193283089097E+00
 -7.0380116989071606E-01  3.3443896223746781E+00 -5.3392390965106662E+00  4.3755697708633168E+00 -1.0666069791171104E-01 -1.5919531207665165E+00
 -5.5025540427851360E-01 -4.8446569605690759E-01 -1.1884516511302095E+00  1.7478924375145855E-01  5.9371741140409173E-01 -1.9986361227510603E+00
  1.5022575228585471E+00 -6.5161778558761112E+00 -2.9272334772718911E-01 -5.6861015064968057E-01  4.0698825905645082E+00 -1.8057104739265180E+00
  9.6763316427328960E-01  7.8293820546594381E-02  1.5392854446120823E+00  1.1184928044930914E-01  7.8808643905655618E-01 -2.7343710033550499E+00
  1.5932108074134063E-01 -6.8889451729087336E-01  2.3102455323268298E+00 -4.2709180878057756E-01 -7.3595917392580001E-01  9.0736545040795008E-02
 -2.5310031250348047E-01  3.4626824784318161E-01 -2.3652705527110529E-01 -8.5732771657093129E-02 -5.9976067881302364E-01 -1.0062075345713595E-01
  2.5728772414418229E-02  3.1015261777130082E-01  2.5016282852149940E+00  5.3981203523488075E-01 -2.1468113745759312E+00 -2.7394401979153069E+00
 -9.5166505158605574E-01  9.7293841758265021E-01 -5.0492794654880324E-01  2.1691480550095421E+00 -3.0139472586592753E-01 -4.2986960030308691E-01
 -9.0900720429915050E-01 -2.6383648616787131E-01 -2.8789947605278452E+00  1.8266640603313482E+00 -3.6734322940007913E-01 -1.1764523465199108E+00
  5.7700822328131329E-01 -4.5790641047466329E-01 -1.9055694537077663E+00 -2.1139253728538174E-01 -1.2314130435293962E-01 -1.1082632292821588E+00
  1.8912183879330458E-01 -3.0092278309116542E+00 -4.0118700787645245E-01 -3.6185437596923151E+00  5.6496056380940918E-01  8.8380221447532370E-01
  8.7749021772911329E-02  1.1165896743625969E+00  1.9415617869889468E-01 -2.7174956526505394E+00 -4.2901148873660855E+00  1.1297877350764791E+00
  1.6906292064558361E+00  3.2879897836030558E+00  4.2575649751630917E-01  3.5104779006703777E+00 -2.7342031983367736E+00  2.7577205912326144E+00
 -5.7383679034379032E-01 -2.1979203891111148E+00 -3.9066865863803257E+00  4.2126582329740131E-01  8.3657327547602947E+00 -1.3657820110086641E+01
 -4.8943612072628939E-01 -2.5421549296894832E+00  1.0745104108218877E+01  1.9202837243658353E+00  5.5249815308650974E-01 -3.3095402477296645E+00
  4.9561627887297037E+00 -4.8242849980248032E-01  2.8646409924369101E+00 -2.9977605054268381E+00 -1.0044533179637689E-01  1.9356484899942941E-01
  1.4980504038104780E+00 -5.7142904735966249E-01 -3.7551187544812992E-01 -1.2192905663123472E+00  1.2579276069136676E+00  2.2555640863416619E+00
 -7.5961862127218310E-02 -4.4439353205708509E-01 -1.6261986644245593E-01 -1.4008146000010755E+00 -1.2165941166831928E+00  1.1825584676539716E-01
  1.4181569305515558E+00  8.6312034830608086E-01 -9.4503248271476048E-01 -8.9785727205656718E-01 -2.0266681326350097E-01 -1.9738108330906248E-01
  9.7972536361946982E-01  1.0865092958602802E+00  8.3069768524254184E-01 -1.0196058655189351E+00 -9.2830145159763156E-01 -9.3078617523807061E-01
  7.4036699355728974E-01  1.0102851667069852E+00 -1.5193445789406951E-01  1.9968846693231166E+00 -5.6142711926698363E-01 -8.2379930311749214E-02
 -1.4374106923756098E+00 -5.8426782264332395E+00  1.8894940074162501E+00  1.6107022683402692E+00  3.8526956569136108E+00 -2.0325679461475290E+00
  7.2595966728305705E-01  1.9634348234657037E-01 -1.3760769837110722E+00  3.0351553917229201E-01  7.1975367034813376E-01 -1.3185417802050343E+00
 -1.6447660196043593E-01  7.0363082063825977E-01 -9.6542773910554358E-01 -7.6074649424927898E-01  6.2539726038758214E-01  5.7278713145878157E-01
  1.4181380960839374E-01  3.9634498383183159E-01 -2.3460548284088356E-01 -8.1771151402822373E-01 -6.6492954772442964E-02 -6.9658970774397741E-02
  9.0533976144768469E-01 -3.0306857332711954E+00  8.1097950919686257E-01  5.1406233373188757E+00  1.9955579603575422E+00 -1.8826626402075881E+00
 -4.5979661974363237E+00  1.2417944357360498E+00  1.3786083138355754E+00 -6.4401653593960861E-01  2.7914344604849228E-01 -8.4827242029604799E-01
  1.7609973101974385E+00  2.1838471803547418E-01 -4.1620894098500411E-01 -3.4708491743262321E-01  5.6372643975047110E+00  7.9358089730669823E-01
  7.7823046294885367E-01 -4.6009774994949906E+00 -1.8896966277727003E+00  1.7785505613520680E+00 -2.3729130841998253E-01  5.4340125726601851E-01
 -1.3655867281277110E+00 -5.0400712726964565E-02 -6.7986119586636407E-01  5.1596459585666077E-01 -2.1287072180589326E+00  2.0288563096400716E-01
  5.2737865627223712E-03 -1.3893149086912731E+00  4.6263937759483449E+00  4.0143057080476635E-01  3.4240358734046433E-01 -1.7905883007751693E+00
  1.1284992724845033E+00 -2.2387540642707165E-01  1.0104719730710126E+00  1.9397568025113403E+00 -8.9176598996705414E-01 -7.2441613156754692E-01
 -2.8916637087637085E+00  2.2782692070164504E-01 -7.5500483686300681E+00 -2.6078105818957225E+00 -6.0029750674442948E+00  6.2613197155995470E+00
 -3.2380200821130765E+00 -6.4129485289114219E-01 -8.4832213483082830E-01  2.5598123322336401E+00  1.2208471416111857E+00 -5.9594670794473910E+00
 -4.4509106704278967E+00  4.7684039304188552E-01  5.9056431619925203E+00 -3.2281286455545937E+00  5.4061717039061490E+00 -4.3872886147624346E+00
  2.4160414429496941E+00 -4.2239200465205649E+00  3.5652722360247515E+00 -1.0223620314307811E+00 -2.2062546717438387E+00  1.8030272337230060E+00
  7.3304566649717540E-01 -6.6176302499657769E-01 -7.6381195396685140E+00  6.0001686199028308E+00 -1.9729805602606181E+00  1.1921147872479353E-01
 -4.3892347044988606E-01 -1.1350987704294788E+00  2.5095085412072365E-01  3.4607399457223535E+00 -6.4334385863855337E-01 -4.1696617191030916E-01
 -2.6067454506542735E+00  3.7685515609897950E+00  1.4350499779338435E+00  4.6231455304157693E-01  5.8787098572748675E-01 -1.8635168550253520E+00
  2.3699409650382020E+00  6.0361676948190668E-01  2.2984787479491460E+00  2.3023725449294452E+00 -6.2779338868949452E-01  9.4000106245236792E-01
  1.3038282438563578E+00 -1.6997865313347315E+01  3.3608093684258183E-01 -6.4987136028807913E-01  7.2184435962371440E-01  1.8030140062833628E+00
  1.2982610341093481E+00  1.4228545266950268E+00 -2.8778657174943711E-02  2.6966865371255260E+00  1.0928590988641902E+01 -2.5908192254106877E+00
  1.1557532377494455E+00  5.8370675199595645E-01  5.3094162591168219E+00 -5.0255877232947004E+00  3.7884688687345291E+00  4.3322386852477299E+00
  4.3599124287233497E+00 -2.0406437731653138E+00 -3.6935221601468635E+00 -9.2726422670854234E+00 -7.1713878782207874E-01  3.2651371497584503E-01
  1.5474849948758012E+00 -1.6143806520509232E+00 -1.4906306993481859E+00  1.3844443988722639E+00 -6.3745164121293862E-01 -1.4981907877388574E+00
 -1.4927865366229609E+00  6.9890822538222945E+00 -3.9914171429249468E+00 -2.0165783477383910E+00  2.5146850965345573E+00  6.4147141159442391E+00
 -1.1954535486134699E+00 -5.8685774257206971E+00  2.0200609808808587E+00  2.0420609350722385E+00 -2.7552699742378417E+00 -1.9928019710440665E+00
 -1.2853632154151182E+00  2.9349084927305675E+00 -8.7947768603642373E-01 -7.5162413245173831E-01  3.4535386144875152E-01  1.5752876823885664E+00
  2.4157838618998717E+00  2.9672642109322251E+00  4.1440273836590782E-02  8.1239319490934259E-01 -2.8132199336061530E+00 -7.9688695624422434E-01
  2.0032176887282942E+00  2.7886760731401949E+00 -7.8052161071910771E+00  1.9275465143701396E+00  3.6066639063856614E+00 -2.9073477466065691E+00
 -5.6103931302443996E-02 -1.1159685994915992E-02 -4.6327095670015854E+00  1.9594820560335282E+00 -5.9310226902119805E+00 -2.6142688336901991E+00
  1.4264925577229080E+00  1.1990797015763517E-01  1.1840084708515679E+00  7.0141969447564168E-01 -1.2215374056354333E+00 -2.2136263106500027E+00
 -3.0232549905634970E-01 -3.2246067205664775E-01  4.8450056349297327E-01  5.9546344526250239E-01  5.0264661873806249E-01  1.1372093800123289E+00
 -1.1340245965440343E+00 -2.1009227263702939E+00  1.1053491331365495E+00 -2.7218853164264680E+00 -4.6689310900749054E-01  5.0040605950361583E-01
  1.2359780055834126E+00  1.4755804632069756E+00 -9.0898022855523930E+00 -8.9783198240064910E-01  6.3853505064436806E+00  2.2770632427499220E+00
 -2.3545048155431321E+00  6.1005049012129886E-01 -9.4780715425199336E-01  2.9848279289058857E+00  1.0363057928785233E+00 -5.4392710234714059E+00
 -1.3260146369619030E+00 -1.1707693779876531E+00  5.0141547720778030E+00  8.0942306167347733E-01  2.8351881536534487E+00 -1.1214160467334777E+00
 -2.1576730191255109E+00  3.0773574027953030E+00 -4.7574208886416292E-01  2.9137426702768607E+00 -1.6714632672521204E+00  1.6745520595806298E+00
  6.3139467783645875E+00 -7.6948524302213950E-01  2.1868395945702539E+00 -5.7371902929273633E+00  2.6279512908714048E-01 -1.7652034355457242E+00
 -2.3012689345357922E+00  9.8474516145121083E-01  4.8632835508160893E-01  1.2800209474318396E+00 -1.0417120329993674E+00  3.6167703793845941E-03
 -3.3832754202764965E+00  1.0698357621485682E-01 -7.3493268045797844E-01 -1.4385968799727938E-01  5.8319659984191334E+00 -4.7793676145587571E-01
 -4.4657536729019904E+00 -3.2534744473788555E+00  2.3722181517024929E+00  2.6292898353012983E-01  8.0269681215447775E-01  9.7062936839461544E-01
 -4.5589587703695349E+00  4.9074615457730764E-01  4.3782745347457537E+00  6.4219765035684304E+00  3.8125607592136479E-01 -6.7312598303363280E-01
 -2.5220636273466779E+00  5.8743760240436327E+00 -3.2488036841258228E+00 -1.1117079007642492E+00  2.3825022939531739E+00  1.8445161192828563E+00
  3.9869257971397269E+00 -1.6535668820795448E+00  2.6093650265762873E+00  5.0846884832283097E+00 -2.1935611634165193E+00  1.0923997345496839E+00
  7.1275888914147316E+00  6.1794390545114481E+00 -7.5137085014192850E-01 -3.5412379456021736E-01  1.3195356657143517E+01 -4.9467289557293972E+00
 -2.6690722775658315E+00 -8.6918199987572375E+00 -1.3422814852494175E-01 -3.6191795799706361E-01 -3.2073316601024526E-02  2.7214916401739209E+00
  5.4601678778320801E+00 -7.2380974656012773E-02  5.1165417046855266E-01  4.1137869010366828E+00 -1.3369894793102510E+00 -3.0649162073967684E-01
  6.9575122875880457E-01  1.0007715911608456E-02 -4.9659063503832668E+00  2.8781214426343787E-01  2.0584902359821493E+00 -1.9374514395133580E-01
 -3.3214118297476092E+00  5.0486513906469845E+00 -2.3758410305614484E+00  2.5275553037999257E+00 -4.1757991515653190E+00 -2.4561106165847293E+00
  1.3931538558550576E+00  1.1350038290249095E-01  4.6865791293364172E+00 -7.3960881992451344E-01 -1.2246208536991672E-01 -5.3769420802522327E-01
 -3.1719470270550092E+00 -1.1750228332046617E+00 -1.0473562867415309E+00  5.0669555906886288E+00  9.6825750951213574E-01  9.7965139315765970E-01
  3.8576075526204512E-01  2.4641049158592296E-01 -1.3816899584305005E+00 -3.9137244263953748E+00  1.3526274510099492E+00  3.3436399116157975E+00
  3.1084039333206448E+00 -9.2489011443633751E-01 -3.0695619164872168E-02  3.5485639117538098E-01  1.5933583135591112E-01  3.4724592779251791E+00
  6.8635554085616932E-02  5.0252984069986928E-01 -6.2903245784965343E+00 -3.4341272688433194E-01 -3.5732459546694284E-01 -2.1712962305495499E-02
 -2.4124256071442685E-01  7.3944774061503016E-02 -2.3327074446235600E-02  5.4133302397174365E-01  7.5512418436958550E-01 -2.6192630498863276E+00
  4.5420642003481015E-01 -4.6870350296435148E-01  1.8108414906086396E+00 -4.3898938050889430E-02 -5.2030168454172687E-02 -3.3481289400682701E-01
  1.2026613467609584E-01 -2.1596717282006825E-01 -1.9380244384965586E+00  6.8042806036980363E-01  1.0103711962758823E+00  3.4414046527413271E+00
 -8.2159433857943853E-01 -7.8436428006424574E-01 -1.5616606200210163E-02  1.2106362258142507E-01  1.4439786481514627E-01 -6.8694387957066519E-02
  1.4190349792364118E-01 -1.5245882106855236E-03  3.7963103271421952E+00  2.6577794666864674E+00  1.5438845410035109E+00  3.0985680036217178E-01
 -3.9106933018989576E+00 -1.3804363203526666E+00 -6.2436432616682869E-01  1.6593816336000261E-01 -1.8092617682716455E-01  4.6294384446352199E-01
 -4.4540253357304577E-01 -2.1366511022897802E-01 -1.7179170300066711E+00 -7.3930048871163678E-01  7.9760751270537888E-02 -1.9417242568589819E+00
  3.4237287341590594E+00  2.2191668269418915E-01  1.0080017809016606E+00 -3.9054035490331895E-01  6.9529197041888779E-01  6.1930000965371834E-01
 -1.7085764577389501E-01 -3.6982547943392619E-01  2.1355551651221077E-02 -1.6814065015886714E+00 -3.2905420258888915E-02 -3.4546146755876332E+00
  1.5258604683848600E+00  2.0191025273157241E+00  2.3478185787787256E+00 -1.5602394348755870E+00 -2.5425146405363912E+00  3.3220366871690482E-01
  4.0717239691640500E-01 -2.2792777584747959E-01 -1.5073133920793325E-01  6.3535906948113119E-01 -2.8684379971616220E-01 -6.2316836797762010E-02
 -4.1663021983250043E-01 -7.3485072788273753E-01  9.6342830427963477E-01  7.2309500740452337E-01 -5.3830868594747128E-01 -1.0791324942110498E+00
  1.7334364597998166E+00 -2.3384857944405675E+00 -5.3864962400071506E-02  1.9830161273009423E+00  2.0338091659285227E+00 -5.5293446597219642E-01
  2.5383173317651309E-01 -1.4140233335718999E+00 -1.1177525438825253E+00  2.4364212891288446E+00  1.0577623512063041E+00 -4.5192436446125589E-01
 -5.5346687527484848E+00 -2.2046476942322029E+00  9.4617472185865681E-01  6.5604704682281778E-01 -2.2319217128627608E-01 -5.7413394181679378E-01
 -1.6457600172050060E-01  2.8751070682615416E+00  7.1798246392001375E-01 -2.7594399878175890E-01 -2.1964112627871124E-01  5.3703552727604922E-02
  2.3992288033444167E-01 -1.2691731243661775E-01  3.2897117248453088E-02 -2.7337018960723758E+00 -7.2791461807186442E-01  1.6179353540795052E-01
  5.5729702738728619E+00  4.0183595434783320E-01  6.2889117925372620E-02  4.5468094265596670E-01 -1.2531228526259922E-01 -1.6911777877902512E-01
  8.8468961426997714E-02 -1.0047755717185759E-01  5.3528906500036659E-02 -1.9905073968642293E+00 -2.0616836454156742E+00 -9.9582685979627339E-01
  1.4388666600860081E+00  6.8678147191550332E-01 -9.5231504160483760E-01 -5.5622104297202812E-01 -1.2556836374668767E+00  9.7727121412590073E-02
  2.8283314065694141E+00 -1.0422224651893242E+00  8.0262912922779539E-01 -9.5921283029754167E-01  1.0711222691185767E+00 -1.2714497254193142E+00
  9.5363425624327425E-02  3.3712921313232025E-01  4.0571881514700932E-02 -1.0679613826764975E-01 -1.8971039062302025E-01  2.8368954007858904E-01
 -1.1948114351733607E+00  3.2311890136208388E-01 -3.2490299503453718E-01 -2.6791010758403901E+00  3.0775783398534612E-01 -3.1455325295211174E+00
  6.5158989954622850E+00 -1.5213863511707335E+00 -1.0024878392481579E-02 -1.9006820594243368E+00 -4.9884418872444397E-01 -1.4400463449362424E+00
 -1.3467471283704280E+00 -1.5433459245499377E+00 -3.5247034935089578E+00 -3.9150718917254262E-01 -8.1109359653787128E-01  2.4452148495694592E+00
 -1.7251361360200042E+00  1.2986601355138858E+00  6.7817692632822384E+00  7.9877853961248024E-01 -4.3593865229785095E-01 -4.9014451419059339E+00
  5.0884571243316836E+00 -2.3453296331354706E-02 -5.4161383776538967E+00 -1.0727977072907018E+00 -2.5762008091088808E+00  1.1019944139498450E+00
 -2.6661809491761108E+00 -3.8111720609609070E+00  1.2330468299949591E+00 -2.7664044952346745E-01  3.5688840624234230E+00 -1.2351125137911971E+00
 -3.2752613117769730E-01 -1.6870425607652051E-01 -3.8477782029751535E+00  2.8421747563475452E-01  1.1961799195028404E+00  2.7809219930410292E+00
 -4.1453805125609844E-01 -1.5922512247714467E-02  1.2107272840437751E+00  4.3950830070714725E-01 -1.8499810866643521E-01 -1.6922376694808596E+00
  9.4464560776803586E-01 -2.3946971187449186E+00  4.3735962889897708E+00 -1.4485450046390827E-01  2.1655888630123865E+00 -2.4417233418129380E+00
  1.8928232009853228E+00 -1.2487126966402848E-01 -3.7483922231775310E-02 -5.5827156052036608E+00  5.7740103518516023E-02  9.9253190377458522E-01
  1.1337904837322451E+01 -1.8710246507657202E-01 -1.0466680371770973E+00  7.2438913530364879E-01  2.2912558360772253E-01  1.0146969360305147E+00
 -1.0458974772791566E-01 -8.2791368785313735E-02 -3.8937202533039796E+00 -7.8607752381130894E-02 -4.8345391849775482E-01  3.7881877288911392E+00
  4.0558634447973974E-01  8.8508451592606752E-01 -3.6338284357262890E-01  5.0580654639345124E-01 -2.4616812105854213E-01  1.2870289634230533E-01
 -1.5986791459742250E-01 -1.1212094323242565E-01  2.7677260382281217E+00 -3.6061171049826968E-01 -1.5918295477465763E+00  3.3484354506007757E-01
  1.7710129081092421E+00  4.3018654717705507E-01  1.9023658536943222E+00 -1.2671913368113534E+00  6.8286444993746631E-01 -5.5718453085302921E-01
 -7.7740759383181968E-01 -6.4290172091686881E-01 -1.3070395073397829E+00 -4.8318602884447888E+00 -2.2313057878483562E+00  2.3198078367643409E+00
 -3.4578648233641536E+00  7.2122847218985842E-01 -2.0254606267837270E+00  7.9557440076358077E-01  1.5800435859669730E+00  3.1913188153484678E-01
  3.1251382650130027E-01 -1.5389954122547901E-02 -7.4182432625766237E-02  3.3655024999530991E+00  6.2083623045513014E-01  4.5739045810756700E+00
  3.2498892688486680E-01  1.0632046297448468E+00 -4.8114326535755083E+00  5.4881891930029181E-01 -1.0699858867597623E+00 -5.0991523827325933E+00
 -7.6319126356717271E-01  6.8954968231851377E-01  6.6158752599774429E-01 -4.5057316447624557E-01  5.7580618413095774E-01  8.6579905767708798E-01
 -4.8708202148076921E-03  4.5020384137266312E-01  5.6731681060516701E+00  3.3089818558150608E+00 -3.5238785474527510E+00  4.2308723173621976E+00
 -8.9859313999064688E-02  3.3994056587331416E+00  3.7361596614267492E+00 -8.2338469967323147E-01  1.1118495338081325E+00  9.1870239464773307E-01
 -1.2711250760171176E+00 -3.4539065581563355E-01 -7.1339491285252421E-01 -1.1867583693119572E+00  1.9157452436768527E+00  3.2347314269980090E+00
  3.3345274275061922E+00 -1.6240652955690404E+00  9.0835696408366073E-01 -2.7296037105603217E+00  8.7643666711359125E-01 -7.8209811287881181E-01
 -2.1206896519176185E-01 -8.4575868390780129E-01 -1.2556101066881664E+00 -2.9411085008674159E-01 -1.2931088364700660E-01 -9.4412086169242615E-01
 -1.6960287348611218E+00  3.0521730129554231E-01  2.6571221076839930E+00 -9.2590509536108296E+00  1.3502951129275689E+00  1.0433873266670217E+00
  7.2609024049423141E+00 -2.3786671432337125E+00  3.0686739617985093E+00 -4.1775254779384130E-01  3.0984100101925210E-01 -6.3644115600623752E-01
 -3.4228436359563336E-01 -3.4350520809764074E-01 -2.1264696202200373E+00  1.6011474246349993E+00 -1.0930449138698188E+00 -1.7184235747208929E-01
 -4.7815652323905100E+00  4.5183641319639891E+00  3.2316632435416598E-01  3.8670647221518817E-01 -3.4284955054664952E+00 -4.9800169975940561E-01
  3.5219402953253365E+00  5.2606092681885241E-01 -7.1438637542949684E-02 -3.9082386769404082E-01  9.5075363859030482E-01 -1.7200743100661269E+00
  1.2442275599897883E+00 -8.3911009116118018E-01 -8.1170384323343718E+00 -1.9318036252868300E+00  3.9472002039747262E-01 -1.0121926193095597E+01
  3.9409555046754798E+00 -3.7562969828748134E+00  2.6969648245594193E+00  2.9987146127462818E+00  5.0017024722464365E+00 -7.2771941248250338E-01
 -8.0897648133876354E-01 -4.1061275301136666E+00  2.1929576850693859E+00 -1.7293371394926083E+00  9.9209836588164790E-01 -6.5967614304635225E-01
 -6.4429672056622889E-01  3.7567259508694764E+00  2.9495102311049382E-01  2.2238079008201925E+00 -1.1450015217199132E+00  6.6295216749986272E+00
 -2.3581431833877198E-01 -9.7785572721892482E+00  7.1892196224238969E-01  3.2795693697339949E+00  6.0436945454013813E-01 -3.9817783347212077E-01
 -2.7514033051971194E+00 -6.8651554805456028E-01 -2.2821155250626228E+00 -1.6105813803891103E+00 -3.0361245163173383E+00  5.3573128586559022E+00
  2.6300868377766318E-01  4.1842428468251597E-01  3.7303530556611464E-01  1.2184934098812485E+00 -8.0547098408279734E+00 -2.0356320840335700E+00
  2.7360049211499504E+00 -2.4659325038749713E-01  1.0743293699560603E+00 -2.9902271357600689E+00  1.6200927529165143E+00  8.2079695573864853E-01
 -3.4978177773028385E-01  8.5768279728963481E+00  1.6044332038347402E+00 -2.8373457859060509E+00 -1.6267101267641749E+01 -7.6507809843419972E-01
  1.7569375258866951E+00 -2.1512741818901762E+00 -1.7424014721910902E-01 -1.8415877319480973E+00  2.1010404294937768E-01  9.5921669268655751E-02
  9.0563897565555690E-02 -7.4921907123577852E-02  1.6594532956602770E-01  1.4996060540965217E-01 -1.5124586695768094E-01  2.7893417693410365E+00
 -1.2310970464422222E+00  1.0243410581361334E+00  2.9256683422603513E-01  1.4423611631028783E+00 -1.8424313162099675E+00  1.8435375369799960E+00
 -6.6751289203902164E-01 -2.7140747241664476E-01 -1.5179010523048817E+00  2.0458386061699976E+00  5.0832217311722744E-02 -1.2330862812343624E-01
 -5.4361385860259966E-02  1.7810164488348751E-01  4.9158508627735081E-01 -1.1837089692371414E+00  1.4576643937513605E+00 -1.2514409627644280E-01
 -2.5466922999986821E+00 -4.6144215925615317E-01  3.3057504989498749E+00 -4.6065332394700622E+00  2.3387075449816483E-01 -2.3407716830907814E+00
  2.9180635449275127E-01 -7.7887748324195560E-01 -7.2534944380779054E-01 -7.0107985588009880E-01  2.9603354668278494E+00  1.9266142414870676E-02
  1.2320269148599678E+00  2.9762679865717673E-01 -1.1786638470063602E+00 -1.7833014314738385E+00  6.1385129711146735E+00  1.1909827822111356E+00
 -3.0894844093818490E+00 -1.1373130691537390E+00 -5.6188166701927966E-01  1.3607882586084081E+00  2.3741127983763041E-01  3.2251303621699429E-01
  1.6667106640582952E+00  1.1879163867774489E+01 -8.6546535341592679E-01  6.1479871942791742E-01 -8.4113988968202253E+00  9.7357453264353633E-01
 -1.1293187919973196E+01 -2.9342906714191290E+00  2.0910998418915253E-02  1.6190645815292968E+00 -1.6816648712746121E+00  8.1402854615099673E-01
 -9.8608236704110830E-01 -1.2292320454664352E+00  1.2663473344263272E+00  4.6886906337482150E+00  4.6474557267572489E+00  9.5525662130888844E-01
 -4.5820021745470489E+00 -2.3451038264030148E+00 -1.0117581703019560E+00  5.3377983654034669E+00  2.5025421520589242E-01 -9.2055098880112574E-01
  5.0280608929698518E+00 -8.2806496239906178E+00  1.5932294737586075E+00  2.6685884570210789E+00  9.5812703327587079E-01 -3.2498067904256476E+00
  1.0210360685334459E-01  2.0969466782525092E+00  4.2623326357414731E-01  6.3486149514057844E-02  2.0320839980585861E+00  7.6293497153801582E-01
  5.0944409436271858E+00 -2.1659024689201078E-01  1.7114413583397163E+00  1.6293215753148013E-01  1.3149323245459090E+00  5.8736316776683506E-01
 -3.8264656554357259E+00  2.7626717492011359E+00 -1.7580035316887399E-01  1.2002195949929197E+00  1.5754904154329683E+00  9.3614700378631821E-01
 -2.0760492075412231E+00  1.1882088318812811E+00 -1.6567899029953861E+00  1.6753084851611388E+00 -2.6942821821648682E-02 -3.6498507635104127E-01
 -2.2303785097693920E+00 -1.8412170258922300E+00 -2.7232980905476016E+00  1.0212607014723287E+00 -7.3658045313058307E-01  1.8892651186574394E-01
 -5.0048512839536874E-01  5.5204048061939792E-01 -9.6133555481892105E-02  1.3381782798694250E-01  2.9845966486739175E+00  9.6438407829271017E-02
 -9.2009273867574726E-01  3.2560636996025751E+00 -1.7148134262651402E-01  7.7350937198997283E-01 -9.7407362524945904E-02 -1.4353212786421824E-02
  1.0098406173191225E-01 -1.6812943299067401E-01  1.2992916928762219E-01 -1.7358112961498343E-01 -1.1104417942326661E-01 -2.2739621320564973E+00
 -1.3174586282638373E-01 -7.0225369693617379E-01 -8.1962621767631061E-01  1.9937560456398966E+00 -2.4698598225478960E+00  1.4053143237472470E+00
 -2.3120638911908850E-01 -1.5739148835171950E+00 -1.4164153424678534E+00 -3.2314363240528515E-01  2.3060197441483301E+00  6.3745103205620990E-01
  3.9268898545748221E-01  4.9603884785848085E-01  1.3188568316472951E-01  1.2772566851648665E-01 -2.5473258595060316E-01  1.0028325758103987E-01
  3.2545787291976858E-01 -9.0430413918700248E-01  3.5090431417335716E-01  4.7108164493178306E-01 -3.4518054730116932E-01  1.6932644348177870E+00
  4.4497155584253761E-01  7.4168528525547250E-01 -1.8934586816290766E+00  3.6129444506966529E-01  4.3696502795563308E-01  1.2606459776046888E+00
 -2.7262231823473243E-01 -6.3635180657808710E-02  2.5486872835639468E-01 -3.9033889870113253E-01 -3.8241251464298892E-01 -9.7250676815941928E-01
 -3.4099299609498551E-01 -1.5647353014182281E+00 -2.6717669821989759E-01  1.2726048215138217E+00  2.9651523946744263E-01 -3.5465674291581367E-01
  3.7341308468684914E-01  1.4957271570279593E-01  9.3133737154761409E-01  1.0344662172499073E+00  2.8574821618178348E+00 -1.6178770605219648E+00
  2.9726523377634229E-01 -1.8065987487578063E+00  2.4213530025054575E+00 -1.6379726667262466E+00 -1.4120087205548411E+00  7.4917114149726904E-02
  6.8873041793362760E-02  7.5260061885147056E-01 -1.2557883709080191E+00 -7.5684613144784729E-01 -6.5250362064718415E-01  7.8678619770506930E-01
 -2.7961781666599106E-01  5.0723845317715288E-01 -4.3692819971391600E-01  2.1122414867546890E+00 -5.2045709311101696E-01  2.7036946990268157E-01
  6.8071480552166834E+00 -2.1197109633593655E-01 -4.8696332465678953E+00  5.6261798921247885E-01 -1.7693601355555484E+00 -7.0369671555889135E-01
  5.9142212847707121E-01 -1.5201794534771231E+00 -1.6967402643236082E+00 -4.7948093706769966E-03  1.2393142641011436E+00  1.1741883161354905E+00
 -3.5262489402977587E-01  2.8852172080923988E+00 -3.8117645527234112E+00 -2.6557873266586138E-02  3.3034437022334645E-01 -7.3006372549091259E-01
  3.6316447959549754E+00  4.1989239958493976E-02  8.0389113494402586E-01  1.1254607182174303E+00 -4.9993353594336201E+00  1.1482075491674652E-01
  4.1897773113098831E+00 -3.1506846787074978E+00 -5.3223144613085283E-01  4.5186529054940809E+00  2.2182431286682128E-01 -6.1091939034573861E-01
 -5.4564096121948680E+00 -6.0338373061333881E+00  9.2041707645686721E-01  5.9005638451174516E+00  1.3735194852077880E+01 -6.7818453803751277E-01
  4.8883882667405210E-01 -2.1107848581737677E-02 -4.3126212907559275E-02 -3.4432781525402700E-01 -2.7297325054315809E+00 -5.2444536149046583E-01
  6.0736033479707602E-03  5.9034220745945687E+00  3.7905937490638769E-01 -4.5156176484115929E-01  1.9140124650410983E-02 -4.1428785745180156E-02
  4.8560760248781192E-02 -1.0027448284207496E-01  2.0698275865273083E-01 -1.1897182604966094E+00  1.1977837803254628E-01  2.0072655483797475E-01
  1.2872785228032266E-01 -1.3930726932403992E-01  4.4218295155811471E-01  1.0805871549725179E+00 -3.1087005417281299E-01 -3.1021145576617641E+00
 -8.3247447365902660E-01 -4.2176706393858787E-01  2.8952837831886513E-01 -2.1373710447867671E+00  2.3003182148809040E-01 -6.8866453546368411E-01
  4.2232597406217270E-01 -9.8056974216609616E-01  1.1345210079009009E+00 -6.3073707630321385E-01 -2.0644120488216733E+00  2.8208045666227153E+00
  2.3463782969582780E+00 -8.3739060372792717E-01  1.6989032874233093E-01  1.1708075752176045E-01 -1.0591870350133568E+00  3.4476176933727748E-01
  1.3693467382245099E+00 -3.1931106606128372E+00  2.2816662350223949E+00  2.1764223196535744E+00 -6.2498984175854555E-01  2.5485877729717904E-01
 -1.9733798042270648E-01 -3.8218351785857446E-01  7.2331303553635451E-01  3.0382977835154206E+00  1.4307055151288088E+00  1.6884076446377758E+00
  3.9573333847167474E-01 -3.8185895282891251E+00 -1.9590630024439739E+00  1.7738055594581567E-02  2.4726231900967863E-01  2.8715292945395499E-01
 -2.5121523210088762E-02  8.1397772345023656E-02  9.2216784923155964E-02 -8.9659645974655744E-01  1.0906151303145115E-01 -4.7569640730195017E-01
 -3.3847236886222589E+00  5.3600157949384286E+00 -2.3054348491330225E+00 -3.7520388196587122E+00 -6.4471903175187251E-03  5.0770752775375150E-01
  4.1322091775077463E-01  2.1686738614709595E+00 -3.3516800779967626E-01 -9.8086731508931269E-01 -8.1001201204281292E-01  2.5789249433941763E-01
 -4.7782591855566281E+00  2.2097956532444045E+00 -2.6859369487649692E-01 -4.4707376472857048E+00 -3.3662021213321940E+00  1.4085431003706375E+00
 -6.2956740367016517E-01 -5.0754069377851891E+00  6.7144760030922124E-01 -2.2689570701694123E-01 -2.5868538120256013E-01  3.6045590520121140E-01
  3.0883904134522191E+00  8.0110853772669388E-01  5.5548832963483330E-01  6.3091921334318360E-02  2.0245373421078581E+00 -1.6781687384409920E+00
  2.9562812450755016E-01  2.2168284204890458E+00  8.0049698328622909E-01  4.6351425136793123E-01 -1.7967208328403341E+00 -1.5505875907080089E+00
 -1.6925522828961104E+00 -1.2595537802889512E+00  4.9144927130863147E-01 -4.7792102198145106E+00  6.6726989391483436E+00  1.3023113456585176E+00
 -6.2189421405312402E+00 -1.2175547351459006E+00 -1.9351148995792966E-01  2.5604317951015134E+00 -2.0053031478189394E+00 -6.4562165592110043E-01
 -6.3263296623460541E-01  5.2850297048975092E-01 -1.7291192908221242E+00 -1.4963529798980917E+00  1.3317729861625799E-01  2.5077162116225282E+00
 -3.8217764451180414E+00 -7.3297032587712359E+00 -3.7164770160450161E-01 -3.4274381625950365E+00  3.0276010498525348E+00 -8.7628902197891261E+00
  8.6964823018295156E+00  9.8026335980366479E+00 -6.7924895940923831E+00  1.5970474099096843E-01 -3.1656251276621732E+00 -2.8934614621540251E-02
  4.6353543614477042E+00 -3.4490701215771813E-01  1.7809614770845617E+01 -1.7120977307577771E+01 -1.2245178354543729E+01  1.5116751337118918E+01
 -5.4074410306973846E+00  2.9631642858640159E+00 -3.6731323914808517E-01 -1.0329936124600596E+00  1.0235377382976107E+01 -2.2454725715830164E+00
  4.2512495348486262E-01  1.7279809225333496E+00 -2.1389610349556234E+00 -1.5965214511695283E-01 -3.8121266366639555E+00  4.5860255972564451E-01
  3.2116607871095320E+00 -6.5021383885982305E+00 -2.8243802224904977E+00  6.1301655443937494E-02 -2.5884678273935169E+00  2.1636803062116221E+00
  3.8383962253708108E+00  1.3514665858148831E+00  9.1090772953853305E-01  4.3082446632010747E+00 -1.6363399379843098E+00 -4.6806216161655934E-01
 -1.9432422133527547E+00
